
Description:
----------




Gait parameters:
----------

MaxStepX = 0.0799999982119
TorsoWy = -0.122173048556
TorsoWx = -0.122173048556
StepHeight = 0.0399999991059
Stiffness = 0.957446808511
MaxStepTheta = 0.133317566057
MaxStepY = 0.159999996424
MaxStepFrequency = 0.257446808511


Stats:
----------

average_speed = 0.0265240684713
final_displacement = 0.704585326692
elapsed_time = 26.5639989376


Sensor values:
----------

times = [0.22818899154663086, 0.6392958164215088, 0.7428879737854004, 0.8504369258880615, 0.9600799083709717, 1.067753791809082, 1.181363821029663, 1.2826588153839111, 1.3906738758087158, 1.4971950054168701, 1.6066269874572754, 1.7200379371643066, 1.8309988975524902, 1.9371600151062012, 2.039958953857422, 2.157927989959717, 2.2685868740081787, 2.3697948455810547, 2.4821889400482178, 2.590291976928711, 2.7048559188842773, 2.8197178840637207, 2.924438953399658, 3.0296478271484375, 3.1351139545440674, 3.248006820678711, 3.3568267822265625, 3.4624907970428467, 3.571949005126953, 3.6932568550109863, 3.808199882507324, 3.917231798171997, 4.022286891937256, 4.125098943710327, 4.223344802856445, 4.337392807006836, 4.438190937042236, 4.537495851516724, 4.63437294960022, 4.725769996643066, 4.816344976425171, 4.915133953094482, 5.014302968978882, 5.114418983459473, 5.21021294593811, 5.310082912445068, 5.4138689041137695, 5.5075719356536865, 5.606890916824341, 5.708948850631714, 5.810373783111572, 5.9295618534088135, 6.031268835067749, 6.143309831619263, 6.244632005691528, 6.344817876815796, 6.447671890258789, 6.550031900405884, 6.657569885253906, 6.756670951843262, 6.861485958099365, 6.95946192741394, 7.056266784667969, 7.152204990386963, 7.2513158321380615, 7.353595972061157, 7.459169864654541, 7.558322906494141, 7.655697822570801, 7.756044864654541, 7.8563079833984375, 7.952363014221191, 8.047415971755981, 8.143383979797363, 8.243396997451782, 8.340851783752441, 8.442394018173218, 26.56399893760681]

Device/SubDeviceList/LHipPitch/Position/Sensor/Value = [0.19485998153686523, -0.32056403160095215, -0.6350340843200684, -0.5936160087585449, -0.5353240966796875, -0.42947816848754883, -0.230057954788208, -0.10273599624633789, 0.027653932571411133, 0.16571402549743652, 0.31911396980285645, -0.1518239974975586, -0.5997519493103027, -0.6196939945220947, -0.5521979331970215, -0.4724299907684326, -0.23466014862060547, -0.03984212875366211, 0.0583338737487793, 0.15190792083740234, 0.32831788063049316, -0.04444408416748047, -0.5552661418914795, -0.6396360397338867, -0.6012859344482422, -0.46169209480285645, -0.3681180477142334, -0.3972640037536621, -0.7194039821624756, -0.7286081314086914, -0.6488399505615234, -0.32056403160095215, -0.26840806007385254, -0.269942045211792, -0.2592041492462158, -0.23466014862060547, -0.23312616348266602, -0.23312616348266602, -0.23312616348266602, -0.23312616348266602, -0.23312616348266602, -0.23159193992614746, -0.23312616348266602, -0.23312616348266602, -0.23312616348266602, -0.23312616348266602, -0.23312616348266602, -0.23312616348266602, -0.23312616348266602, -0.23312616348266602, -0.23312616348266602, -0.23312616348266602, -0.23312616348266602, -0.23312616348266602, -0.23312616348266602, -0.23312616348266602, -0.23312616348266602, -0.23312616348266602, -0.23312616348266602, -0.23312616348266602, -0.23312616348266602, -0.23312616348266602, -0.23312616348266602, -0.23312616348266602, -0.23312616348266602, -0.23312616348266602, -0.23312616348266602, -0.23312616348266602, -0.23312616348266602, -0.23312616348266602, -0.23312616348266602, -0.23312616348266602, -0.23312616348266602, -0.23312616348266602, -0.23312616348266602, -0.23312616348266602, -0.23312616348266602, -0.4524879455566406]

Device/SubDeviceList/LHipYawPitch/Position/Sensor/Value = [4.1961669921875e-05, 0.0031099319458007812, 0.009245872497558594, 0.010779857635498047, 0.007711887359619141, -0.009161949157714844, -0.004559993743896484, 0.0031099319458007812, 0.009245872497558594, 0.009245872497558594, 0.0031099319458007812, -0.0030260086059570312, 0.007711887359619141, 0.0123138427734375, 0.004643917083740234, -0.004559993743896484, -0.010695934295654297, -0.004559993743896484, 0.0123138427734375, 0.0123138427734375, 0.004643917083740234, -0.013764142990112305, -0.0030260086059570312, 4.1961669921875e-05, 0.0015759468078613281, 4.1961669921875e-05, 0.0031099319458007812, -0.0014920234680175781, 0.007711887359619141, -0.14415407180786133, -0.6074221134185791, -1.041543960571289, -1.0829620361328125, -1.081428050994873, -1.0921659469604492, -1.0921659469604492, -1.0921659469604492, -1.0921659469604492, -1.0921659469604492, -1.0921659469604492, -1.0921659469604492, -1.0906319618225098, -1.0921659469604492, -1.0921659469604492, -1.0921659469604492, -1.0921659469604492, -1.0921659469604492, -1.0921659469604492, -1.0921659469604492, -1.0921659469604492, -1.0921659469604492, -1.0921659469604492, -1.0921659469604492, -1.0921659469604492, -1.0921659469604492, -1.0921659469604492, -1.0921659469604492, -1.0921659469604492, -1.0921659469604492, -1.0921659469604492, -1.0921659469604492, -1.0921659469604492, -1.0921659469604492, -1.0921659469604492, -1.0921659469604492, -1.0921659469604492, -1.0921659469604492, -1.0921659469604492, -1.0921659469604492, -1.0921659469604492, -1.0921659469604492, -1.0921659469604492, -1.0921659469604492, -1.0906319618225098, -1.0921659469604492, -1.0921659469604492, -1.0921659469604492, -0.0060939788818359375]

Device/SubDeviceList/InertialSensor/GyroscopeX/Sensor/Value = [-0.16458335518836975, 0.33742251992225647, 0.3278351426124573, 0.11504855751991272, -0.192546546459198, 0.14887070655822754, -0.6785734295845032, -0.3834952116012573, -0.047936901450157166, 0.3163835406303406, 0.21997711062431335, 0.7890946269035339, 0.6058691740036011, 0.14780543744564056, -0.13688647747039795, -0.5896238684654236, -1.1787151098251343, -0.6585997343063354, -0.11558119207620621, -0.3669835925102234, -0.25300031900405884, -0.19654129445552826, -1.2229236364364624, -0.32517197728157043, 0.6117281317710876, 0.5060006380081177, 1.7648768424987793, 1.3646037578582764, 0.7030745148658752, 0.5651227831840515, 1.2687299251556396, -0.5544701218605042, 0.4127899706363678, 0.029827404767274857, -0.11717908829450607, -0.260989785194397, -0.04820321500301361, 0.005592638626694679, -0.0002663161139935255, -0.003195793367922306, -0.0002663161139935255, 0.0029294772539287806, -0.006924218963831663, -0.001065264455974102, 0.0007989483419805765, -0.002130528911948204, -0.004261057823896408, -0.001597896683961153, 0.0013315805699676275, -0.0034621094819158316, -0.000532632227987051, 0.0, -0.0002663161139935255, 0.002663161139935255, -0.0007989483419805765, 0.0018642127979546785, 0.004527374170720577, 0.000532632227987051, -0.0002663161139935255, -0.005060005933046341, -0.002663161139935255, -0.003728425595909357, 0.003994741477072239, 0.0002663161139935255, -0.001597896683961153, 0.002130528911948204, -0.0013315805699676275, -0.003195793367922306, -0.0013315805699676275, 0.0, -0.004793690051883459, -0.001597896683961153, 0.0, 0.0013315805699676275, 0.0002663161139935255, -0.001597896683961153, 0.0029294772539287806, -0.11291803419589996]

Device/SubDeviceList/LKneePitch/ElectricCurrent/Sensor/Value = [0.41600000858306885, 1.040000081062317, 0.04800000041723251, 0.0, 0.0, 1.6160000562667847, 0.0, 0.5760000348091125, 0.5440000295639038, 0.7200000286102295, 0.25600001215934753, 0.03200000151991844, 0.0, 0.0, 0.1120000034570694, 0.3840000033378601, 0.9440000653266907, 0.5600000023841858, 0.41600000858306885, 1.2320001125335693, 0.0, 0.0, 0.0, 0.1120000034570694, 0.0, 1.7280000448226929, 1.7920000553131104, 1.808000087738037, 0.64000004529953, 0.0, 0.0, 0.0, 0.0, 0.0, 0.0, 0.0, 0.0, 0.0, 0.0, 0.0, 0.0, 0.0, 0.0, 0.0, 0.0, 0.0, 0.0, 0.0, 0.0, 0.0, 0.0, 0.0, 0.0, 0.0, 0.0, 0.0, 0.0, 0.0, 0.0, 0.0, 0.0, 0.0, 0.0, 0.0, 0.0, 0.0, 0.0, 0.0, 0.0, 0.0, 0.0, 0.0, 0.0, 0.0, 0.0, 0.0, 0.0, 0.0]

Device/SubDeviceList/LAnkleRoll/Position/Sensor/Value = [-0.09966802597045898, -0.07665801048278809, -0.21932005882263184, -0.15335798263549805, 4.1961669921875e-05, 0.11509203910827637, 0.1565098762512207, 0.1733839511871338, 0.14117002487182617, -0.0030260086059570312, -0.1349501609802246, -0.06745409965515137, -0.18557214736938477, -0.2070479393005371, -0.06592011451721191, 0.07367396354675293, 0.1595778465270996, 0.20406389236450195, 0.1733839511871338, 0.029187917709350586, -0.11194014549255371, -0.07819199562072754, -0.13034796714782715, -0.1809699535369873, -0.056715965270996094, 0.06600403785705566, 0.07060599327087402, 0.0015759468078613281, -0.04137611389160156, -0.03063797950744629, -0.029103994369506836, -0.0367741584777832, -0.042910099029541016, -0.02143406867980957, -0.05518198013305664, -0.056715965270996094, -0.056715965270996094, -0.056715965270996094, -0.056715965270996094, -0.056715965270996094, -0.056715965270996094, -0.056715965270996094, -0.056715965270996094, -0.056715965270996094, -0.056715965270996094, -0.056715965270996094, -0.056715965270996094, -0.056715965270996094, -0.056715965270996094, -0.056715965270996094, -0.056715965270996094, -0.056715965270996094, -0.056715965270996094, -0.056715965270996094, -0.056715965270996094, -0.056715965270996094, -0.056715965270996094, -0.056715965270996094, -0.056715965270996094, -0.056715965270996094, -0.056715965270996094, -0.056715965270996094, -0.056715965270996094, -0.056715965270996094, -0.056715965270996094, -0.056715965270996094, -0.056715965270996094, -0.056715965270996094, -0.056715965270996094, -0.056715965270996094, -0.056715965270996094, -0.056715965270996094, -0.056715965270996094, -0.056715965270996094, -0.056715965270996094, -0.056715965270996094, -0.056715965270996094, 0.0015759468078613281]

displacement = [0.030618693546124547, 0.03839509615103882, 0.0773108141046506, 0.10571481131948027, 0.10696662326480103, 0.1118298897566613, 0.11941666291134864, 0.14370031906102076, 0.17662125197114237, 0.18532261116655305, 0.18868033790042654, 0.19209930330343683, 0.22689762825944013, 0.25965073800744304, 0.2632859956327297, 0.2690731487102236, 0.2716273063216361, 0.2992298375535898, 0.32651001571107124, 0.343706743765591, 0.3488529511762468, 0.3488600989953353, 0.3610089823003118, 0.4101767021881567, 0.42709784049845934, 0.4287564791684651, 0.42978940889897416, 0.44409952455698726, 0.4852740818301098, 0.507532043623914, 5.3363017364450975, 5.3363017364450975, 5.3363017364450975, 5.3363017364450975, 5.3363017364450975, 5.3363017364450975, 5.3363017364450975, 5.3363017364450975, 5.3363017364450975, 5.3363017364450975, 5.3363017364450975, 5.3363017364450975, 5.3363017364450975, 5.3363017364450975, 5.3363017364450975, 5.3363017364450975, 5.3363017364450975, 5.3363017364450975, 5.3363017364450975, 5.3363017364450975, 5.3363017364450975, 5.3363017364450975, 5.3363017364450975, 5.3363017364450975, 5.3363017364450975, 5.3363017364450975, 5.3363017364450975, 5.3363017364450975, 5.3363017364450975, 5.3363017364450975, 5.3363017364450975, 5.3363017364450975, 5.3363017364450975, 5.3363017364450975, 5.3363017364450975, 5.3363017364450975, 5.3363017364450975, 5.3363017364450975, 5.3363017364450975, 5.3363017364450975, 5.3363017364450975, 5.3363017364450975, 5.3363017364450975, 5.3363017364450975, 5.3363017364450975, 5.3363017364450975, 5.3363017364450975, 0.7045853266915088]

position_x = [0.025779247283935547, 0.033290863037109375, 0.061583518981933594, 0.07748174667358398, 0.07272624969482422, 0.07747745513916016, 0.07823514938354492, 0.0906977653503418, 0.11067008972167969, 0.1232767105102539, 0.12458181381225586, 0.12969350814819336, 0.1562037467956543, 0.17522239685058594, 0.16788673400878906, 0.1739482879638672, 0.17435312271118164, 0.1857600212097168, 0.20442581176757812, 0.22481441497802734, 0.2243490219116211, 0.22823858261108398, 0.24001455307006836, 0.27016162872314453, 0.2827425003051758, 0.27419233322143555, 0.27169275283813477, 0.27861595153808594, 0.306063175201416, 0.31399106979370117, -4.086825370788574, -4.086825370788574, -4.086825370788574, -4.086825370788574, -4.086825370788574, -4.086825370788574, -4.086825370788574, -4.086825370788574, -4.086825370788574, -4.086825370788574, -4.086825370788574, -4.086825370788574, -4.086825370788574, -4.086825370788574, -4.086825370788574, -4.086825370788574, -4.086825370788574, -4.086825370788574, -4.086825370788574, -4.086825370788574, -4.086825370788574, -4.086825370788574, -4.086825370788574, -4.086825370788574, -4.086825370788574, -4.086825370788574, -4.086825370788574, -4.086825370788574, -4.086825370788574, -4.086825370788574, -4.086825370788574, -4.086825370788574, -4.086825370788574, -4.086825370788574, -4.086825370788574, -4.086825370788574, -4.086825370788574, -4.086825370788574, -4.086825370788574, -4.086825370788574, -4.086825370788574, -4.086825370788574, -4.086825370788574, -4.086825370788574, -4.086825370788574, -4.086825370788574, -4.086825370788574, 0.4256434440612793]

position_y = [-0.01652073860168457, -0.01912856101989746, -0.0467379093170166, -0.07191801071166992, -0.07843947410583496, -0.0806422233581543, -0.09021973609924316, -0.11146163940429688, -0.1376488208770752, -0.13837385177612305, -0.14170265197753906, -0.1417100429534912, -0.16456890106201172, -0.19161319732666016, -0.20281410217285156, -0.20528602600097656, -0.2082843780517578, -0.2345883846282959, -0.2545955181121826, -0.25998616218566895, -0.26714396476745605, -0.2638380527496338, -0.269667387008667, -0.308638334274292, -0.32010817527770996, -0.3296220302581787, -0.333019495010376, -0.3458287715911865, -0.3765850067138672, -0.3987460136413574, 3.4313225746154785, 3.4313225746154785, 3.4313225746154785, 3.4313225746154785, 3.4313225746154785, 3.4313225746154785, 3.4313225746154785, 3.4313225746154785, 3.4313225746154785, 3.4313225746154785, 3.4313225746154785, 3.4313225746154785, 3.4313225746154785, 3.4313225746154785, 3.4313225746154785, 3.4313225746154785, 3.4313225746154785, 3.4313225746154785, 3.4313225746154785, 3.4313225746154785, 3.4313225746154785, 3.4313225746154785, 3.4313225746154785, 3.4313225746154785, 3.4313225746154785, 3.4313225746154785, 3.4313225746154785, 3.4313225746154785, 3.4313225746154785, 3.4313225746154785, 3.4313225746154785, 3.4313225746154785, 3.4313225746154785, 3.4313225746154785, 3.4313225746154785, 3.4313225746154785, 3.4313225746154785, 3.4313225746154785, 3.4313225746154785, 3.4313225746154785, 3.4313225746154785, 3.4313225746154785, 3.4313225746154785, 3.4313225746154785, 3.4313225746154785, 3.4313225746154785, 3.4313225746154785, -0.5614874362945557]

Device/SubDeviceList/LFoot/FSR/TotalWeight/Sensor/Value = [0.0, 0.0, 0.0, 0.0, 0.34807655215263367, 1.9780399799346924, 1.4884777069091797, 0.7173673510551453, 1.928025722503662, 3.6098155975341797, 0.29586872458457947, 0.0, 0.0, 0.0, 0.0, 0.12722337245941162, 0.7799620628356934, 2.1900875568389893, 3.870948314666748, 3.836564540863037, 2.57429575920105, 0.870842456817627, 0.0, 4.54876708984375, 0.0, 4.425418853759766, 2.4398865699768066, 2.8389132022857666, 3.869405508041382, 0.1634291559457779, 0.0, 0.0, 0.0, 0.0, 0.02172730304300785, 0.0, 0.0, 0.0, 0.0, 0.0, 0.0, 0.0, 0.0, 0.0, 0.0, 0.0, 0.0, 0.0, 0.0, 0.0, 0.0, 0.0, 0.0, 0.0, 0.0, 0.0, 0.0, 0.0, 0.0, 0.0, 0.0, 0.0, 0.0, 0.0, 0.0, 0.0, 0.0, 0.0, 0.0, 0.0, 0.0, 0.0, 0.0, 0.0, 0.0, 0.0, 0.0, 0.15941306948661804]

Device/SubDeviceList/InertialSensor/AngleX/Sensor/Value = [-0.28436118364334106, -0.21533232927322388, -0.1426599621772766, -0.09338075667619705, -0.06423503905534744, -0.02972060814499855, -0.12559443712234497, -0.1741064190864563, -0.1940482258796692, -0.22415238618850708, -0.24581986665725708, -0.1541646122932434, -0.04582721367478371, 0.008437331765890121, 0.05694931373000145, 0.04601972922682762, -0.10220129042863846, -0.21859198808670044, -0.2692134976387024, -0.34284430742263794, -0.3712227940559387, -0.37812596559524536, -0.3894389271736145, -0.4291308522224426, -0.4536746144294739, -0.3840702176094055, -0.29011374711990356, -0.15301400423049927, -0.017065349966287613, 0.11313121765851974, 0.3595272898674011, 0.4506070017814636, 0.34974783658981323, 0.2538740038871765, 0.1858035922050476, 0.1248280331492424, 0.08820407837629318, 0.07056348770856857, 0.05522364005446434, 0.044677432626485825, 0.03566521033644676, 0.02857082709670067, 0.021859344094991684, 0.018024619668722153, 0.014381583780050278, 0.011313613504171371, 0.008820708841085434, 0.006711657624691725, 0.005177672486752272, 0.004218752961605787, 0.003451999044045806, 0.002684768056496978, 0.002109702443704009, 0.002109702443704009, 0.0017258485313504934, 0.0017258485313504934, 0.0017258485313504934, 0.0011507829185575247, 0.0011507829185575247, 0.0009590943809598684, 0.0009590943809598684, 0.0007674058433622122, 0.0009590943809598684, 0.0009590943809598684, 0.0007674058433622122, 0.0009590943809598684, 0.0007674058433622122, 0.0005757173057645559, 0.0007674058433622122, 0.0011507829185575247, 0.0007674058433622122, 0.0007674058433622122, 0.0007674058433622122, 0.0007674058433622122, 0.0007674058433622122, 0.0007674058433622122, 0.0007674058433622122, 0.014956649392843246]

Device/SubDeviceList/LHipPitch/ElectricCurrent/Sensor/Value = [1.0880000591278076, 0.04800000041723251, 0.46400001645088196, 0.0, 0.0, 1.1200000047683716, 0.04800000041723251, 0.1120000034570694, 0.0, 0.0, 0.0, 0.0, 0.0, 0.04800000041723251, 0.0, 0.6880000233650208, 0.0, 0.0, 0.48000001907348633, 0.0, 0.4480000138282776, 0.19200000166893005, 0.0, 0.2880000174045563, 1.040000081062317, 0.0, 0.800000011920929, 0.5600000023841858, 0.0, 0.17600001394748688, 0.0, 0.0, 0.0, 0.0, 0.0, 0.0, 0.0, 0.0, 0.0, 0.0, 0.0, 0.0, 0.0, 0.0, 0.0, 0.0, 0.0, 0.0, 0.0, 0.0, 0.0, 0.0, 0.0, 0.0, 0.0, 0.0, 0.0, 0.0, 0.0, 0.0, 0.0, 0.0, 0.0, 0.0, 0.0, 0.0, 0.0, 0.0, 0.0, 0.0, 0.0, 0.0, 0.0, 0.0, 0.0, 0.0, 0.0, 0.1120000034570694]

Device/SubDeviceList/LHipRoll/Position/Sensor/Value = [0.260822057723999, 0.36820197105407715, 0.40041589736938477, 0.3099100589752197, 0.20099592208862305, 0.07213997840881348, 0.05066394805908203, 0.03072190284729004, 0.033789873123168945, 0.06753802299499512, 0.23014187812805176, 0.36513400077819824, 0.4356980323791504, 0.3497939109802246, 0.26389002799987793, 0.09668397903442383, 0.0813438892364502, 0.024585962295532227, 0.007711887359619141, 0.033789873123168945, 0.19179201126098633, 0.37126994132995605, 0.39121198654174805, 0.3804740905761719, 0.27922987937927246, 0.13810205459594727, 0.06600403785705566, 0.07060599327087402, 0.21173405647277832, 0.21020007133483887, 0.14423799514770508, 0.22707390785217285, 0.18105387687683105, 0.22400593757629395, 0.24394798278808594, 0.25315189361572266, 0.25621986389160156, 0.25621986389160156, 0.25621986389160156, 0.25621986389160156, 0.25621986389160156, 0.25621986389160156, 0.25621986389160156, 0.25621986389160156, 0.25621986389160156, 0.25621986389160156, 0.25621986389160156, 0.25621986389160156, 0.25621986389160156, 0.25621986389160156, 0.25621986389160156, 0.25621986389160156, 0.25621986389160156, 0.25621986389160156, 0.25621986389160156, 0.25621986389160156, 0.25621986389160156, 0.25621986389160156, 0.25621986389160156, 0.25621986389160156, 0.25621986389160156, 0.25621986389160156, 0.25621986389160156, 0.25621986389160156, 0.25621986389160156, 0.25621986389160156, 0.25621986389160156, 0.25621986389160156, 0.25621986389160156, 0.25621986389160156, 0.25621986389160156, 0.25621986389160156, 0.25621986389160156, 0.25621986389160156, 0.25621986389160156, 0.25621986389160156, 0.25621986389160156, 0.0015759468078613281]

Device/SubDeviceList/RHipPitch/Position/Sensor/Value = [-0.2623560428619385, -0.08901405334472656, 0.0014920234680175781, 0.07819199562072754, 0.21625208854675293, 0.29141807556152344, -0.25008392333984375, -0.5016598701477051, -0.3958139419555664, -0.33905601501464844, -0.2915019989013672, -0.13963603973388672, -0.018450021743774414, 0.04137611389160156, 0.15335798263549805, 0.33743810653686523, 0.06438612937927246, -0.3758718967437744, -0.42035794258117676, -0.3636000156402588, -0.2884340286254883, -0.23781204223632812, -0.1043539047241211, -0.038392066955566406, 0.12114405632019043, 0.3082921504974365, 0.19937801361083984, -0.524669885635376, -0.7563040256500244, -0.6872739791870117, -0.5538160800933838, -0.26695799827575684, -0.2546858787536621, -0.2684919834136963, -0.20099592208862305, -0.16878199577331543, -0.16571402549743652, -0.16571402549743652, -0.16571402549743652, -0.16571402549743652, -0.16571402549743652, -0.16571402549743652, -0.16571402549743652, -0.16571402549743652, -0.16571402549743652, -0.16571402549743652, -0.16571402549743652, -0.16571402549743652, -0.16571402549743652, -0.16571402549743652, -0.16571402549743652, -0.16571402549743652, -0.16571402549743652, -0.16571402549743652, -0.16571402549743652, -0.16571402549743652, -0.16571402549743652, -0.16571402549743652, -0.16571402549743652, -0.16571402549743652, -0.16571402549743652, -0.16571402549743652, -0.16571402549743652, -0.16571402549743652, -0.16571402549743652, -0.16571402549743652, -0.16571402549743652, -0.16571402549743652, -0.16571402549743652, -0.16571402549743652, -0.16571402549743652, -0.16571402549743652, -0.16571402549743652, -0.16571402549743652, -0.16571402549743652, -0.16571402549743652, -0.16571402549743652, -0.4587080478668213]

Device/SubDeviceList/RFoot/FSR/CenterOfPressure/X/Sensor/Value = [0.040533822029829025, 0.06500668078660965, 0.06757614016532898, -0.030058719217777252, -0.02983243204653263, -0.029650000855326653, 0.0, 0.0, 0.0, -0.029650000855326653, 0.0, 0.06193793937563896, -0.029650000855326653, -0.020118772983551025, -0.009629327803850174, 0.02407996729016304, -0.029650000855326653, 0.0, -0.029649998992681503, 0.0, 0.0, 0.04600583389401436, 0.028327329084277153, -0.029650000855326653, 0.0, 0.0, -0.030243484303355217, -0.029650000855326653, -0.029650000855326653, 0.0, -0.029649998992681503, 0.0, 0.0, -0.029650000855326653, 0.0, -0.029650000855326653, -0.029650000855326653, -0.029650000855326653, 0.0, 0.0, -0.029650002717971802, -0.029650000855326653, -0.029650000855326653, -0.029650000855326653, -0.029650000855326653, -0.029650000855326653, -0.029650000855326653, -0.029650000855326653, -0.029650000855326653, -0.029650000855326653, -0.029650000855326653, -0.029650000855326653, -0.029650000855326653, -0.029649998992681503, -0.029649998992681503, -0.029650000855326653, -0.029650000855326653, -0.029649998992681503, -0.029650002717971802, -0.029649998992681503, -0.029650002717971802, -0.029650002717971802, -0.029650000855326653, -0.029650000855326653, -0.029650002717971802, -0.029649998992681503, -0.029650000855326653, -0.029650000855326653, -0.029650000855326653, -0.029650000855326653, -0.029650000855326653, -0.029650000855326653, -0.029649998992681503, -0.029650000855326653, -0.029650000855326653, -0.029649998992681503, -0.029649998992681503, -0.030243346467614174]

Device/SubDeviceList/InertialSensor/AngleY/Sensor/Value = [-0.0872451588511467, 0.025502506643533707, -0.012080367654561996, -0.07516544312238693, -0.1765996813774109, -0.21878403425216675, -0.10488622635602951, -0.037774261087179184, -0.06653659790754318, -0.12904614210128784, -0.14611166715621948, -0.038924869149923325, -0.04371851310133934, -0.1278960108757019, -0.18177670240402222, -0.1668207049369812, -0.012272056192159653, 0.02588588371872902, -0.04621141776442528, -0.12291019409894943, -0.1624104380607605, -0.10124271363019943, 0.037390533834695816, 0.03719884529709816, 0.08264286071062088, 0.041992489248514175, -0.23067253828048706, -0.2728568911552429, -0.30372828245162964, -0.20919674634933472, -0.41724270582199097, -0.8546192049980164, -1.1073423624038696, -1.3499032258987427, -1.2766557931900024, -1.0852915048599243, -1.1604562997817993, -1.2156797647476196, -1.2651506662368774, -1.2987066507339478, -1.3270851373672485, -1.353354573249817, -1.3704200983047485, -1.3853765726089478, -1.396114468574524, -1.4060851335525513, -1.4133716821670532, -1.4187408685684204, -1.4235340356826782, -1.4269858598709106, -1.4300538301467896, -1.4325462579727173, -1.4336968660354614, -1.4348474740982056, -1.4356142282485962, -1.4358059167861938, -1.4367648363113403, -1.4371482133865356, -1.4371482133865356, -1.4375320672988892, -1.4373403787612915, -1.4379154443740845, -1.4384905099868774, -1.438682198524475, -1.4392577409744263, -1.4390655755996704, -1.4390655755996704, -1.4396411180496216, -1.4390655755996704, -1.438682198524475, -1.438682198524475, -1.438682198524475, -1.440024495124817, -1.4396411180496216, -1.4396411180496216, -1.4398328065872192, -1.4398328065872192, 0.1581915020942688]

Device/SubDeviceList/LHipRoll/ElectricCurrent/Sensor/Value = [0.0, 0.7520000338554382, 0.01600000075995922, 0.0, 0.0, 0.08000000566244125, 0.320000022649765, 0.0, 0.0, 0.17600001394748688, 0.0, 0.06400000303983688, 0.0, 0.0, 0.0, 0.12800000607967377, 0.0, 0.04800000041723251, 0.17600001394748688, 0.2720000147819519, 0.12800000607967377, 0.0, 0.03200000151991844, 0.06400000303983688, 0.24000000953674316, 0.6240000128746033, 0.0, 1.152000069618225, 0.17600001394748688, 0.04800000041723251, 0.0, 0.0, 0.0, 0.0, 0.0, 0.0, 0.0, 0.0, 0.0, 0.0, 0.0, 0.0, 0.0, 0.0, 0.0, 0.0, 0.0, 0.0, 0.0, 0.0, 0.0, 0.0, 0.0, 0.0, 0.0, 0.0, 0.0, 0.0, 0.0, 0.0, 0.0, 0.0, 0.0, 0.0, 0.0, 0.0, 0.0, 0.0, 0.0, 0.0, 0.0, 0.0, 0.0, 0.0, 0.0, 0.0, 0.0, 0.527999997138977]

Device/SubDeviceList/LKneePitch/Position/Sensor/Value = [0.9234261512756348, 1.5876480340957642, 1.4572581052780151, 1.2777800559997559, 1.345276117324829, 1.3023240566253662, 0.9356980323791504, 0.8620660305023193, 0.8682019710540771, 0.7730941772460938, 0.6580440998077393, 1.4541900157928467, 1.592250108718872, 1.2332940101623535, 1.313062071800232, 1.3391400575637817, 1.047680139541626, 0.8682019710540771, 0.8559300899505615, 0.817579984664917, 0.6549761295318604, 1.3176640272140503, 1.6459400653839111, 1.348344087600708, 1.2777800559997559, 1.3790240287780762, 1.3621500730514526, 1.158128023147583, 1.2915860414505005, 1.3053920269012451, 1.3115280866622925, 1.3820921182632446, 1.4005000591278076, 1.402034044265747, 1.4005000591278076, 1.4097040891647339, 1.4097040891647339, 1.4097040891647339, 1.4097040891647339, 1.4097040891647339, 1.4097040891647339, 1.4097040891647339, 1.4097040891647339, 1.4097040891647339, 1.4097040891647339, 1.4097040891647339, 1.4097040891647339, 1.4097040891647339, 1.4097040891647339, 1.4097040891647339, 1.4097040891647339, 1.4097040891647339, 1.4097040891647339, 1.4097040891647339, 1.4112380743026733, 1.4097040891647339, 1.4097040891647339, 1.4097040891647339, 1.4097040891647339, 1.4097040891647339, 1.4097040891647339, 1.4097040891647339, 1.4097040891647339, 1.4097040891647339, 1.4097040891647339, 1.4097040891647339, 1.4097040891647339, 1.4097040891647339, 1.4097040891647339, 1.4112380743026733, 1.4097040891647339, 1.4097040891647339, 1.4097040891647339, 1.4097040891647339, 1.4097040891647339, 1.4097040891647339, 1.4097040891647339, 0.6933259963989258]

Device/SubDeviceList/RHipRoll/ElectricCurrent/Sensor/Value = [1.2320001125335693, 0.0, 0.5440000295639038, 0.35200002789497375, 0.7040000557899475, 0.25600001215934753, 0.24000000953674316, 0.1600000113248825, 0.0, 0.0, 0.0, 0.320000022649765, 0.2240000069141388, 0.7360000610351562, 0.6080000400543213, 0.41600000858306885, 0.0, 0.06400000303983688, 0.0, 0.06400000303983688, 0.0, 0.0, 0.527999997138977, 0.03200000151991844, 0.0, 0.0, 0.0, 0.0, 0.17600001394748688, 0.1120000034570694, 0.0, 0.0, 0.0, 0.0, 0.0, 0.0, 0.0, 0.0, 0.0, 0.0, 0.0, 0.0, 0.0, 0.0, 0.0, 0.0, 0.0, 0.0, 0.0, 0.0, 0.0, 0.0, 0.0, 0.0, 0.0, 0.0, 0.0, 0.0, 0.0, 0.0, 0.0, 0.0, 0.0, 0.0, 0.0, 0.0, 0.0, 0.0, 0.0, 0.0, 0.0, 0.0, 0.0, 0.0, 0.0, 0.0, 0.0, 0.0]

Device/SubDeviceList/LFoot/FSR/CenterOfPressure/X/Sensor/Value = [0.0, 0.0, 0.0, -0.030249999836087227, -0.029766343533992767, -0.030059849843382835, 0.035758838057518005, 0.05043737217783928, 0.018884314224123955, 0.005832341965287924, 0.03258592262864113, 0.0, 0.0, 0.0, 0.0, 0.0702499970793724, 0.047535546123981476, 0.022954337298870087, 0.01450403779745102, 0.006513343192636967, 0.004430845379829407, 0.06975188851356506, 0.0, 0.04300321638584137, -0.030249999836087227, 0.0026424985844641924, -0.02987627685070038, -0.029649998992681503, -0.029650000855326653, -0.029650000855326653, 0.0, 0.0, 0.0, 0.0, 0.0, 0.0, 0.0, 0.0, 0.0, 0.0, 0.0, 0.0, 0.0, 0.0, 0.0, 0.0, 0.0, 0.0, 0.0, 0.0, 0.0, 0.0, 0.0, 0.0, 0.0, 0.0, 0.0, 0.0, 0.0, 0.0, 0.0, 0.0, 0.0, 0.0, 0.0, 0.0, 0.0, 0.0, 0.0, 0.0, 0.0, 0.0, 0.0, 0.0, 0.0, 0.0, 0.0, -0.029698390513658524]

Device/SubDeviceList/RAnkleRoll/ElectricCurrent/Sensor/Value = [0.3840000033378601, 0.14400000870227814, 0.0, 0.0, 0.0, 0.08000000566244125, 0.0, 0.0, 0.1600000113248825, 0.08000000566244125, 0.0, 0.0, 0.4320000112056732, 0.5760000348091125, 0.0, 0.2720000147819519, 0.0, 0.46400001645088196, 0.12800000607967377, 0.19200000166893005, 0.12800000607967377, 1.040000081062317, 0.41600000858306885, 0.0, 0.0, 0.0, 0.08000000566244125, 0.0, 0.41600000858306885, 0.0, 0.0, 0.0, 0.0, 0.0, 0.0, 0.0, 0.0, 0.0, 0.0, 0.0, 0.0, 0.0, 0.0, 0.0, 0.0, 0.0, 0.0, 0.0, 0.0, 0.0, 0.0, 0.0, 0.0, 0.0, 0.0, 0.0, 0.0, 0.0, 0.0, 0.0, 0.0, 0.0, 0.0, 0.0, 0.0, 0.0, 0.0, 0.0, 0.0, 0.0, 0.0, 0.0, 0.0, 0.0, 0.0, 0.0, 0.0, 0.320000022649765]

Device/SubDeviceList/RFoot/FSR/TotalWeight/Sensor/Value = [0.8115798234939575, 0.8197457790374756, 0.43570977449417114, 0.9564840793609619, 1.8970330953598022, 0.0, 0.0007419342291541398, 0.0001420774933649227, 0.0037290866021066904, 0.0, 0.01297969464212656, 0.3937036991119385, 1.691894769668579, 3.6583664417266846, 4.249512672424316, 0.5728890299797058, 0.0, 0.0, 0.0, 0.0014337186003103852, 0.002484070137143135, 4.069190979003906, 1.5920922756195068, 0.0, 0.0037290866021066904, 0.003460491541773081, 0.4755905866622925, 0.0, 0.0023079398088157177, 0.0, 0.0, 0.0, 0.0, 0.0, 0.016139812767505646, 0.0, 0.0, 0.0038188386242836714, 0.0040887692011892796, 0.0, 0.005453500896692276, 0.006006567273288965, 0.0037739488761872053, 0.004224099684506655, 0.0075019062496721745, 0.003998673055320978, 0.005178516730666161, 0.0016077145701274276, 0.001956973457708955, 0.003998673055320978, 0.006099156104028225, 0.0026606274768710136, 0.006937630940228701, 0.0016077145701274276, 0.004813463427126408, 0.008979633450508118, 0.0028376115951687098, 0.007880480960011482, 0.004904564935714006, 0.0023959430400282145, 0.008451944217085838, 0.003281978890299797, 0.0038188386242836714, 0.009027786552906036, 0.0036394447088241577, 0.009608061984181404, 0.010095033794641495, 0.004495531320571899, 0.003015036229044199, 0.009948618710041046, 0.005453500896692276, 0.011774420738220215, 0.0061454917304217815, 0.009802479296922684, 0.00926903448998928, 0.005545401014387608, 0.011276639997959137, 0.31202447414398193]

Device/SubDeviceList/RHipPitch/ElectricCurrent/Sensor/Value = [1.055999994277954, 0.2720000147819519, 0.0, 0.0, 0.0, 0.03200000151991844, 0.0, 0.20800000429153442, 0.0, 0.0, 0.64000004529953, 0.19200000166893005, 0.14400000870227814, 0.0, 0.0, 0.5760000348091125, 0.0, 0.0, 0.0, 0.01600000075995922, 0.0, 1.5840001106262207, 0.06400000303983688, 0.6080000400543213, 0.0, 0.0, 1.055999994277954, 0.19200000166893005, 0.25600001215934753, 0.24000000953674316, 0.0, 0.0, 0.0, 0.0, 0.0, 0.0, 0.0, 0.0, 0.0, 0.0, 0.0, 0.0, 0.0, 0.0, 0.0, 0.0, 0.0, 0.0, 0.0, 0.0, 0.0, 0.0, 0.0, 0.0, 0.0, 0.0, 0.0, 0.0, 0.0, 0.0, 0.0, 0.0, 0.0, 0.0, 0.0, 0.0, 0.0, 0.0, 0.0, 0.0, 0.0, 0.0, 0.0, 0.0, 0.0, 0.0, 0.0, 0.5920000076293945]

Device/SubDeviceList/RFoot/FSR/CenterOfPressure/Y/Sensor/Value = [0.01939554139971733, 0.011610777117311954, 0.019614899531006813, 0.00020673216204158962, -0.015895428135991096, -0.029899997636675835, 0.0, 0.0, -0.029899999499320984, -0.029900001361966133, -0.029899999499320984, -0.029899999499320984, -0.029899999499320984, -0.029899999499320984, -0.029899999499320984, -0.029899997636675835, -0.029899999499320984, 0.0, -0.029899999499320984, -0.029899999499320984, 0.0, 0.022106466814875603, 0.021413853392004967, -0.029899999499320984, 0.0, 0.0, 0.018567722290754318, -0.029899999499320984, -0.029900001361966133, -0.029899999499320984, -0.029899999499320984, 0.0, 0.0, -0.029899997636675835, 0.0, 0.0, -0.029899999499320984, 0.0, 0.0, 0.0, 0.0, -0.029899999499320984, -0.029899999499320984, -0.029899999499320984, -0.029899999499320984, -0.029899999499320984, -0.029899999499320984, -0.029899999499320984, -0.029899999499320984, -0.029899999499320984, -0.029899999499320984, -0.029899999499320984, -0.029899999499320984, -0.029899999499320984, -0.029899999499320984, -0.029899999499320984, -0.029899999499320984, -0.029899999499320984, -0.029899999499320984, -0.029899997636675835, -0.029900001361966133, -0.029899997636675835, -0.029900001361966133, -0.029899999499320984, -0.029899997636675835, -0.029900001361966133, -0.029899997636675835, -0.029899999499320984, -0.029899999499320984, -0.029899999499320984, -0.029900001361966133, -0.029899997636675835, -0.029900001361966133, -0.029900001361966133, -0.029899999499320984, -0.029899999499320984, -0.029900001361966133, 0.018752478063106537]

Device/SubDeviceList/LAnklePitch/Position/Sensor/Value = [-1.0109481811523438, -1.1137261390686035, -0.6596620082855225, -0.5630199909210205, -0.6918759346008301, -0.7363619804382324, -0.6366519927978516, -0.678070068359375, -0.7808480262756348, -0.8314700126647949, -0.9173741340637207, -1.1536102294921875, -0.788517951965332, -0.5093300342559814, -0.6688659191131592, -0.8053920269012451, -0.7378959655761719, -0.7210218906402588, -0.7731781005859375, -0.8253340721130371, -0.8866939544677734, -1.112192153930664, -0.9097042083740234, -0.6473898887634277, -0.6719338893890381, -0.7470998764038086, -0.6151759624481201, -0.3528618812561035, -0.4617760181427002, -0.4617760181427002, -0.4817180633544922, -0.4909219741821289, -0.4939899444580078, -0.49245595932006836, -0.5093300342559814, -0.5093300342559814, -0.5093300342559814, -0.5093300342559814, -0.507796049118042, -0.507796049118042, -0.5093300342559814, -0.507796049118042, -0.5093300342559814, -0.507796049118042, -0.507796049118042, -0.5093300342559814, -0.5093300342559814, -0.5093300342559814, -0.507796049118042, -0.5093300342559814, -0.5093300342559814, -0.5093300342559814, -0.5093300342559814, -0.5093300342559814, -0.5093300342559814, -0.5093300342559814, -0.5093300342559814, -0.5093300342559814, -0.507796049118042, -0.507796049118042, -0.5093300342559814, -0.507796049118042, -0.5093300342559814, -0.5093300342559814, -0.507796049118042, -0.5093300342559814, -0.507796049118042, -0.5093300342559814, -0.5093300342559814, -0.507796049118042, -0.5093300342559814, -0.5093300342559814, -0.5093300342559814, -0.5093300342559814, -0.507796049118042, -0.507796049118042, -0.507796049118042, -0.36206603050231934]

Device/SubDeviceList/RAnklePitch/Position/Sensor/Value = [-0.6135580539703369, -0.6595780849456787, -0.7086660861968994, -0.7577540874481201, -0.800706148147583, -0.8405900001525879, -0.9065520763397217, -0.5199840068817139, -0.29448604583740234, -0.43254613876342773, -0.5844120979309082, -0.6181600093841553, -0.6580440998077393, -0.7224719524383545, -0.8145120143890381, -0.800706148147583, -0.9939899444580078, -0.7746281623840332, -0.33437013626098633, -0.4264099597930908, -0.5291881561279297, -0.6150920391082764, -0.6626460552215576, -0.6856560707092285, -0.7776961326599121, -0.7700259685516357, -0.9034841060638428, -0.43254613876342773, 0.33138608932495117, 0.3405900001525879, 0.3497939109802246, 0.34825992584228516, 0.35132789611816406, 0.3497939109802246, 0.357464075088501, 0.35899806022644043, 0.35899806022644043, 0.35899806022644043, 0.35899806022644043, 0.35899806022644043, 0.35899806022644043, 0.35899806022644043, 0.35899806022644043, 0.35899806022644043, 0.35899806022644043, 0.35899806022644043, 0.35899806022644043, 0.35899806022644043, 0.35899806022644043, 0.35899806022644043, 0.35899806022644043, 0.35899806022644043, 0.35899806022644043, 0.35899806022644043, 0.35899806022644043, 0.35899806022644043, 0.35899806022644043, 0.35899806022644043, 0.35899806022644043, 0.35899806022644043, 0.35899806022644043, 0.35899806022644043, 0.35899806022644043, 0.35899806022644043, 0.35899806022644043, 0.35899806022644043, 0.35899806022644043, 0.35899806022644043, 0.35899806022644043, 0.35899806022644043, 0.35899806022644043, 0.35899806022644043, 0.35899806022644043, 0.35899806022644043, 0.35899806022644043, 0.35899806022644043, 0.35899806022644043, -0.34664201736450195]

Device/SubDeviceList/LFoot/FSR/CenterOfPressure/Y/Sensor/Value = [0.0, 0.0, 0.0, 0.029899999499320984, -0.010554538108408451, 0.01776917278766632, 0.029899995774030685, 0.029899999499320984, 0.029899999499320984, 0.029899997636675835, -0.019705114886164665, 0.0, 0.0, 0.0, 0.0, 0.029899999499320984, 0.029899999499320984, 0.029899999499320984, 0.029899999499320984, 0.029899999499320984, 0.029899999499320984, 0.029899999499320984, 0.0, 0.029899999499320984, 0.029899999499320984, 0.029899999499320984, -0.000620894250459969, -0.019099999219179153, -0.019099999219179153, -0.019099999219179153, 0.0, 0.0, 0.0, 0.0, 0.0, 0.0, 0.0, 0.0, 0.0, 0.0, 0.0, 0.0, 0.0, 0.0, 0.0, 0.0, 0.0, 0.0, 0.0, 0.0, 0.0, 0.0, 0.0, 0.0, 0.0, 0.0, 0.0, 0.0, 0.0, 0.0, 0.0, 0.0, 0.0, 0.0, 0.0, 0.0, 0.0, 0.0, 0.0, 0.0, 0.0, 0.0, 0.0, 0.0, 0.0, 0.0, 0.0, -0.015148128382861614]

Device/SubDeviceList/LAnkleRoll/ElectricCurrent/Sensor/Value = [0.0, 0.01600000075995922, 0.6720000505447388, 0.06400000303983688, 0.0, 0.0, 0.12800000607967377, 0.08000000566244125, 0.8960000276565552, 0.46400001645088196, 0.0, 0.0, 0.8160000443458557, 0.0, 0.0, 0.0, 0.0, 0.1120000034570694, 0.6240000128746033, 0.8160000443458557, 0.20800000429153442, 0.19200000166893005, 0.9760000705718994, 0.0, 0.0, 0.0, 0.04800000041723251, 0.0, 0.0, 0.0, 0.0, 0.0, 0.0, 0.0, 0.0, 0.0, 0.0, 0.0, 0.0, 0.0, 0.0, 0.0, 0.0, 0.0, 0.0, 0.0, 0.0, 0.0, 0.0, 0.0, 0.0, 0.0, 0.0, 0.0, 0.0, 0.0, 0.0, 0.0, 0.0, 0.0, 0.0, 0.0, 0.0, 0.0, 0.0, 0.0, 0.0, 0.0, 0.0, 0.0, 0.0, 0.0, 0.0, 0.0, 0.0, 0.0, 0.0, 0.0]

Device/SubDeviceList/RKneePitch/Position/Sensor/Value = [0.8897619247436523, 0.8161299228668213, 0.828402042388916, 0.8498780727386475, 0.7578380107879639, 0.7563040256500244, 1.3177480697631836, 1.2211060523986816, 0.754770040512085, 0.9004998207092285, 0.9572582244873047, 0.8560140132904053, 0.8406739234924316, 0.8544800281524658, 0.7977218627929688, 0.5568840503692627, 1.1029877662658691, 1.3530302047729492, 0.8928298950195312, 0.8836259841918945, 0.9403839111328125, 0.8330039978027344, 0.8038580417633057, 0.8099939823150635, 0.7992560863494873, 0.5936999320983887, 1.0094141960144043, 1.4174580574035645, 0.5752918720245361, 0.5200679302215576, 0.5706899166107178, 0.6151759624481201, 0.6335840225219727, 0.6167099475860596, 0.6565940380096436, 0.6642639636993408, 0.6688659191131592, 0.6688659191131592, 0.6688659191131592, 0.6688659191131592, 0.6688659191131592, 0.6688659191131592, 0.6688659191131592, 0.6688659191131592, 0.6688659191131592, 0.6688659191131592, 0.6688659191131592, 0.6688659191131592, 0.6673319339752197, 0.6688659191131592, 0.6688659191131592, 0.6688659191131592, 0.6688659191131592, 0.6688659191131592, 0.6688659191131592, 0.6688659191131592, 0.6688659191131592, 0.6673319339752197, 0.6688659191131592, 0.6688659191131592, 0.6688659191131592, 0.6688659191131592, 0.6688659191131592, 0.6673319339752197, 0.6688659191131592, 0.6688659191131592, 0.6688659191131592, 0.6688659191131592, 0.6688659191131592, 0.6688659191131592, 0.6688659191131592, 0.6688659191131592, 0.6688659191131592, 0.6688659191131592, 0.6688659191131592, 0.6688659191131592, 0.6688659191131592, 0.6673319339752197]

Device/SubDeviceList/LAnklePitch/ElectricCurrent/Sensor/Value = [0.7200000286102295, 0.06400000303983688, 0.0, 0.7360000610351562, 0.09600000083446503, 1.5200001001358032, 0.784000039100647, 0.6880000233650208, 0.7360000610351562, 0.6240000128746033, 0.0, 0.0, 0.0, 1.7600001096725464, 0.8480000495910645, 1.2000000476837158, 1.408000111579895, 0.6240000128746033, 0.4320000112056732, 0.0, 1.3760000467300415, 0.0, 1.0720000267028809, 1.440000057220459, 1.1040000915527344, 0.0, 0.784000039100647, 0.7680000066757202, 0.35200002789497375, 0.0, 0.0, 0.0, 0.0, 0.0, 0.0, 0.0, 0.0, 0.0, 0.0, 0.0, 0.0, 0.0, 0.0, 0.0, 0.0, 0.0, 0.0, 0.0, 0.0, 0.0, 0.0, 0.0, 0.0, 0.0, 0.0, 0.0, 0.0, 0.0, 0.0, 0.0, 0.0, 0.0, 0.0, 0.0, 0.0, 0.0, 0.0, 0.0, 0.0, 0.0, 0.0, 0.0, 0.0, 0.0, 0.0, 0.0, 0.0, 0.4960000216960907]

Device/SubDeviceList/LHipYawPitch/ElectricCurrent/Sensor/Value = [0.17600001394748688, 0.0, 0.17600001394748688, 0.1600000113248825, 0.24000000953674316, 0.0, 0.46400001645088196, 0.0, 0.14400000870227814, 0.19200000166893005, 0.0, 0.2240000069141388, 0.0, 0.4000000059604645, 0.19200000166893005, 0.0, 0.1120000034570694, 0.0, 0.20800000429153442, 0.17600001394748688, 0.5120000243186951, 0.656000018119812, 0.30400002002716064, 0.08000000566244125, 0.0, 0.0, 0.06400000303983688, 0.0, 0.0, 0.0, 0.20800000429153442, 2.8320000171661377, 0.0, 0.0, 0.0, 0.0, 0.0, 0.0, 0.0, 0.0, 0.0, 0.0, 0.0, 0.0, 0.0, 0.0, 0.0, 0.0, 0.0, 0.0, 0.0, 0.0, 0.0, 0.0, 0.0, 0.0, 0.0, 0.0, 0.0, 0.0, 0.0, 0.0, 0.0, 0.0, 0.0, 0.0, 0.0, 0.0, 0.0, 0.0, 0.0, 0.0, 0.0, 0.0, 0.0, 0.0, 0.0, 0.3840000033378601]

Device/SubDeviceList/RKneePitch/ElectricCurrent/Sensor/Value = [0.0, 0.0, 0.2240000069141388, 0.8160000443458557, 1.312000036239624, 0.0, 0.0, 0.14400000870227814, 1.5040000677108765, 0.2240000069141388, 0.20800000429153442, 0.5120000243186951, 0.5920000076293945, 0.64000004529953, 0.8640000224113464, 0.3680000305175781, 0.0, 0.0, 0.0, 0.09600000083446503, 0.17600001394748688, 0.4320000112056732, 0.0, 0.2880000174045563, 0.1120000034570694, 0.0, 0.0, 0.1120000034570694, 0.4480000138282776, 0.2240000069141388, 0.0, 0.0, 0.0, 0.0, 0.0, 0.0, 0.0, 0.0, 0.0, 0.0, 0.0, 0.0, 0.0, 0.0, 0.0, 0.0, 0.0, 0.0, 0.0, 0.0, 0.0, 0.0, 0.0, 0.0, 0.0, 0.0, 0.0, 0.0, 0.0, 0.0, 0.0, 0.0, 0.0, 0.0, 0.0, 0.0, 0.0, 0.0, 0.0, 0.0, 0.0, 0.0, 0.0, 0.0, 0.0, 0.0, 0.0, 0.2240000069141388]

Device/SubDeviceList/InertialSensor/GyroscopeZ/Sensor/Value = [0.16804546117782593, -0.11158645153045654, 0.13688647747039795, -0.09720537811517715, -0.1643170416355133, -0.3581951856613159, 0.8937568664550781, -0.06764429062604904, -0.0649811327457428, 0.17310547828674316, 0.260989785194397, -0.34461304545402527, 0.20133498311042786, 0.34993937611579895, 0.47271111607551575, -0.2221076339483261, 0.47564056515693665, 0.24660871922969818, -0.14514228701591492, -0.4993427097797394, 0.35180360078811646, -0.362189918756485, 0.34940674901008606, -0.7254450917243958, -2.3805997371673584, 0.03275688365101814, -0.7808388471603394, 0.6301039457321167, 0.19867181777954102, -1.3925669193267822, 0.34328147768974304, -1.6287893056869507, 0.09480853378772736, -0.24447819590568542, 0.022370554506778717, -0.5720469951629639, -0.07536745816469193, -0.0034621094819158316, -0.0029294772539287806, 0.0002663161139935255, 0.0013315805699676275, 0.0013315805699676275, 0.0, 0.0, -0.000532632227987051, 0.0023968450259417295, 0.0023968450259417295, 0.0007989483419805765, 0.0, 0.0, 0.0, 0.0029294772539287806, 0.0, 0.0, 0.004793690051883459, -0.0002663161139935255, 0.0, 0.001065264455974102, 0.0034621094819158316, 0.001597896683961153, 0.0013315805699676275, 0.0018642127979546785, 0.0007989483419805765, -0.0007989483419805765, -0.0034621094819158316, -0.0034621094819158316, -0.001065264455974102, 0.0007989483419805765, 0.001597896683961153, -0.003195793367922306, 0.0002663161139935255, -0.0013315805699676275, 0.0007989483419805765, 0.004793690051883459, 0.000532632227987051, -0.004527374170720577, 0.0002663161139935255, -0.04820321500301361]

Device/SubDeviceList/InertialSensor/AngleZ/Sensor/Value = [2.382272243499756, 2.3667407035827637, 2.3061485290527344, 2.31170916557312, 2.3197624683380127, 2.2831387519836426, 2.3199541568756104, 2.308257579803467, 2.291959047317505, 2.2934930324554443, 2.312284469604492, 2.301546573638916, 2.267223596572876, 2.2881240844726562, 2.3354856967926025, 2.3005876541137695, 2.315352201461792, 2.3818886280059814, 2.3811216354370117, 2.324364423751831, 2.319570779800415, 2.32743239402771, 2.293109655380249, 2.2350101470947266, 2.0887067317962646, 1.964837670326233, 1.9531410932540894, 1.975575566291809, 1.999352216720581, 1.90827214717865, 1.9412527084350586, 1.6791337728500366, 1.5226677656173706, 1.5456774234771729, 1.563893437385559, 1.5443352460861206, 1.5357065200805664, 1.534172534942627, 1.534172534942627, 1.5339808464050293, 1.5339808464050293, 1.5339808464050293, 1.5339808464050293, 1.5339808464050293, 1.534172534942627, 1.534172534942627, 1.5345560312271118, 1.5345560312271118, 1.5345560312271118, 1.5345560312271118, 1.5345560312271118, 1.5345560312271118, 1.534747838973999, 1.534747838973999, 1.5349395275115967, 1.5351313352584839, 1.5351313352584839, 1.5351313352584839, 1.5353230237960815, 1.5353230237960815, 1.5355148315429688, 1.5357065200805664, 1.5357065200805664, 1.5357065200805664, 1.5353230237960815, 1.5351313352584839, 1.5349395275115967, 1.5351313352584839, 1.5353230237960815, 1.5349395275115967, 1.5351313352584839, 1.5351313352584839, 1.5351313352584839, 1.5353230237960815, 1.5353230237960815, 1.5351313352584839, 1.5349395275115967, 1.5140390396118164]

Device/SubDeviceList/InertialSensor/AccelerometerY/Sensor/Value = [-4.483476638793945, -1.350791096687317, -0.9771680235862732, -0.6322851777076721, 0.6610254049301147, -0.1341211050748825, -2.7590625286102295, -2.423759937286377, -2.921923875808716, -4.560117244720459, -3.7266504764556885, 1.6765137910842896, -1.2358301877975464, 0.9963281750679016, 1.3220508098602295, 1.686093807220459, -4.454736709594727, -3.2955470085144043, -3.420088052749634, -5.393584251403809, -5.38400411605835, -2.203418016433716, -3.4488282203674316, -6.514453411102295, -1.5232324600219727, -5.757627010345459, -0.4598437547683716, -1.79147469997406, -0.5843847990036011, 0.967587947845459, 8.219707489013672, -15.299385070800781, -3.0656251907348633, -0.8622070550918579, 1.456171989440918, -0.20118165016174316, 0.028740234673023224, -0.16286133229732513, -0.19160157442092896, -0.20118165016174316, -0.20118165016174316, -0.19160157442092896, -0.19160157442092896, -0.18202149868011475, -0.19160157442092896, -0.21076172590255737, -0.21076172590255737, -0.19160157442092896, -0.19160157442092896, -0.18202149868011475, -0.15328125655651093, -0.20118165016174316, -0.20118165016174316, -0.2299218773841858, -0.17244140803813934, -0.17244140803813934, -0.19160157442092896, -0.18202149868011475, -0.21076172590255737, -0.22034180164337158, -0.18202149868011475, -0.19160157442092896, -0.21076172590255737, -0.21076172590255737, -0.19160157442092896, -0.20118165016174316, -0.21076172590255737, -0.19160157442092896, -0.20118165016174316, -0.20118165016174316, -0.2299218773841858, -0.20118165016174316, -0.21076172590255737, -0.20118165016174316, -0.2395019680261612, -0.19160157442092896, -0.20118165016174316, 0.05748046934604645]

Device/SubDeviceList/RAnkleRoll/Position/Sensor/Value = [-0.12114405632019043, -0.19631004333496094, -0.19477605819702148, -0.14415407180786133, -0.007627964019775391, 0.09821796417236328, 0.14730596542358398, 0.16571402549743652, 0.1104898452758789, -0.015298128128051758, -0.14568805694580078, -0.23772811889648438, -0.2638061046600342, -0.22238802909851074, -0.08739614486694336, 0.03992605209350586, 0.1043539047241211, 0.18565607070922852, 0.14423799514770508, 0.02611994743347168, -0.09966802597045898, -0.12727999687194824, -0.17943596839904785, -0.16869807243347168, -0.07512402534484863, 0.07213997840881348, 0.14423799514770508, 0.08901405334472656, -0.047512054443359375, -0.033705949783325195, -0.03063797950744629, -0.03217196464538574, -0.033705949783325195, -0.03063797950744629, -0.0367741584777832, -0.03984212875366211, -0.03984212875366211, -0.03984212875366211, -0.03984212875366211, -0.03984212875366211, -0.03984212875366211, -0.03984212875366211, -0.03984212875366211, -0.03984212875366211, -0.03984212875366211, -0.03984212875366211, -0.03984212875366211, -0.03984212875366211, -0.03984212875366211, -0.03984212875366211, -0.03984212875366211, -0.03984212875366211, -0.03984212875366211, -0.03984212875366211, -0.03984212875366211, -0.03984212875366211, -0.03984212875366211, -0.03984212875366211, -0.03984212875366211, -0.03984212875366211, -0.03984212875366211, -0.03984212875366211, -0.03984212875366211, -0.03984212875366211, -0.03984212875366211, -0.03984212875366211, -0.03984212875366211, -0.03984212875366211, -0.03984212875366211, -0.03984212875366211, -0.03984212875366211, -0.03984212875366211, -0.03984212875366211, -0.03984212875366211, -0.03984212875366211, -0.03984212875366211, -0.03984212875366211, 0.007711887359619141]

Device/SubDeviceList/RAnklePitch/ElectricCurrent/Sensor/Value = [1.1680001020431519, 1.28000009059906, 0.8320000171661377, 0.0, 0.19200000166893005, 0.30400002002716064, 0.0, 0.0, 0.0, 0.0, 1.0880000591278076, 0.8160000443458557, 0.08000000566244125, 0.0, 0.2880000174045563, 0.0, 0.0, 0.0, 0.0, 0.0, 0.2720000147819519, 1.3600000143051147, 0.9760000705718994, 0.09600000083446503, 0.03200000151991844, 0.0, 0.03200000151991844, 0.01600000075995922, 0.8480000495910645, 0.0, 0.0, 0.0, 0.0, 0.0, 0.0, 0.0, 0.0, 0.0, 0.0, 0.0, 0.0, 0.0, 0.0, 0.0, 0.0, 0.0, 0.0, 0.0, 0.0, 0.0, 0.0, 0.0, 0.0, 0.0, 0.0, 0.0, 0.0, 0.0, 0.0, 0.0, 0.0, 0.0, 0.0, 0.0, 0.0, 0.0, 0.0, 0.0, 0.0, 0.0, 0.0, 0.0, 0.0, 0.0, 0.0, 0.0, 0.0, 0.5760000348091125]

Device/SubDeviceList/InertialSensor/AccelerometerX/Sensor/Value = [-1.0346485376358032, 2.0118165016174316, 1.7723145484924316, -0.77598637342453, -3.6883301734924316, -3.324287176132202, 0.18202149868011475, 1.820214867591858, -1.781894564628601, -4.253554821014404, -2.5387208461761475, 0.8813672065734863, -0.3448828160762787, -0.7472461462020874, -3.0656251907348633, -1.6381934881210327, 3.7458107471466064, -2.0118165016174316, -1.9926563501358032, -0.009580078534781933, -3.34344744682312, -1.2741504907608032, 3.420088052749634, 6.543193817138672, -0.7855664491653442, -0.9484277963638306, -0.019160157069563866, -0.5843847990036011, -1.07296884059906, -2.2321581840515137, -4.732558727264404, -19.61042022705078, -11.342812538146973, -9.503437995910645, -12.616963386535645, -16.640596389770508, -10.298583984375, -9.560918807983398, -9.484277725219727, -9.551338195800781, -9.54175853729248, -9.474698066711426, -9.522598266601562, -9.532177925109863, -9.560918807983398, -9.513017654418945, -9.503437995910645, -9.513017654418945, -9.513017654418945, -9.532177925109863, -9.54175853729248, -9.503437995910645, -9.532177925109863, -9.513017654418945, -9.5704984664917, -9.513017654418945, -9.580078125, -9.513017654418945, -9.54175853729248, -9.522598266601562, -9.522598266601562, -9.54175853729248, -9.580078125, -9.54175853729248, -9.532177925109863, -9.54175853729248, -9.54175853729248, -9.532177925109863, -9.54175853729248, -9.503437995910645, -9.54175853729248, -9.522598266601562, -9.580078125, -9.54175853729248, -9.513017654418945, -9.513017654418945, -9.513017654418945, 1.9064356088638306]

Device/SubDeviceList/InertialSensor/GyroscopeY/Sensor/Value = [0.6996124386787415, 0.6295713186264038, -0.8239820599555969, -0.7459514141082764, -0.6412891745567322, 0.37044572830200195, 1.1568771600723267, 0.1366201639175415, -0.4681837260723114, -0.2958771884441376, 0.4982774555683136, 0.8269115090370178, -0.6458165645599365, -0.3965446949005127, 0.22823290526866913, 0.9060074090957642, 1.1347730159759521, -0.019707392901182175, -0.7113303542137146, -0.4791027009487152, 0.21438446640968323, 1.0191917419433594, 0.9675264358520508, -1.2950952053070068, 0.26924559473991394, -0.9536780118942261, -2.823483467102051, -0.5970807075500488, -0.4977448284626007, -0.4783037304878235, -1.9867181777954102, -5.046956539154053, -1.9110844135284424, 1.0365023612976074, 2.5523736476898193, -0.6476807594299316, -0.20293287932872772, -0.001065264455974102, -0.002663161139935255, -0.001597896683961153, 0.001597896683961153, -0.001597896683961153, -0.0002663161139935255, 0.002663161139935255, -0.005858954507857561, -0.005592638626694679, -0.0007989483419805765, -0.006657903082668781, -0.0013315805699676275, -0.0007989483419805765, -0.0013315805699676275, 0.002663161139935255, -0.0018642127979546785, 0.0023968450259417295, 0.0023968450259417295, 0.007190534844994545, -0.00532632227987051, -0.0007989483419805765, -0.0018642127979546785, 0.004261057823896408, -0.001065264455974102, -0.0018642127979546785, 0.0013315805699676275, -0.005060005933046341, 0.0002663161139935255, -0.002130528911948204, -0.004527374170720577, 0.002130528911948204, 0.001597896683961153, 0.0007989483419805765, -0.009321063756942749, -0.005592638626694679, -0.002663161139935255, 0.002663161139935255, -0.004527374170720577, -0.003728425595909357, -0.0013315805699676275, 0.08069378137588501]

Device/SubDeviceList/RHipRoll/Position/Sensor/Value = [0.1825878620147705, 0.2485499382019043, 0.27309393882751465, 0.25315189361572266, 0.19179201126098633, 0.04452800750732422, -0.018366098403930664, -0.09813404083251953, -0.01683211326599121, 0.0583338737487793, 0.21173405647277832, 0.24088001251220703, 0.28229808807373047, 0.2654240131378174, 0.24394798278808594, 0.11202406883239746, 4.1961669921875e-05, -0.09506607055664062, -0.05824995040893555, 4.1961669921875e-05, 0.1764519214630127, 0.18872404098510742, 0.2807638645172119, 0.2454819679260254, 0.21940398216247559, 0.09821796417236328, -0.0030260086059570312, -0.03217196464538574, 0.07520794868469238, 0.1043539047241211, 0.09208202362060547, -0.18250393867492676, -0.29755401611328125, -0.32669997215270996, -0.40646815299987793, -0.4463520050048828, -0.45555615425109863, -0.45862412452697754, -0.460158109664917, -0.460158109664917, -0.460158109664917, -0.460158109664917, -0.460158109664917, -0.460158109664917, -0.45862412452697754, -0.460158109664917, -0.460158109664917, -0.460158109664917, -0.460158109664917, -0.460158109664917, -0.460158109664917, -0.460158109664917, -0.460158109664917, -0.460158109664917, -0.460158109664917, -0.460158109664917, -0.460158109664917, -0.460158109664917, -0.460158109664917, -0.460158109664917, -0.460158109664917, -0.460158109664917, -0.460158109664917, -0.460158109664917, -0.460158109664917, -0.460158109664917, -0.460158109664917, -0.460158109664917, -0.460158109664917, -0.460158109664917, -0.460158109664917, -0.460158109664917, -0.460158109664917, -0.460158109664917, -0.460158109664917, -0.460158109664917, -0.460158109664917, 0.0031099319458007812]

Device/SubDeviceList/InertialSensor/AccelerometerZ/Sensor/Value = [-9.618398666381836, -7.012617588043213, -8.784932136535645, -10.432705879211426, -11.35239315032959, -9.695039749145508, -12.588223457336426, -10.212363243103027, -8.928632736206055, -10.269844055175781, -7.893984794616699, -12.118799209594727, -10.202783584594727, -9.972861289978027, -10.451866149902344, -7.692802906036377, -14.561718940734863, -7.223379135131836, -8.976533889770508, -10.691368103027344, -8.507109642028809, -4.809199333190918, -14.111455917358398, -12.952265739440918, -4.972060680389404, -13.450429916381836, -10.308164596557617, -11.208691596984863, -4.205654621124268, -9.30225658416748, 3.180586099624634, -2.452500104904175, 4.339775562286377, 3.640429735183716, 2.423759937286377, 2.86444354057312, -0.2490820437669754, -0.9580078721046448, -1.0442285537719727, -0.9963281750679016, -1.0154882669448853, -1.0825488567352295, -0.9963281750679016, -0.9867480993270874, -0.9867480993270874, -1.0059082508087158, -1.0059082508087158, -1.0154882669448853, -1.0442285537719727, -1.0250684022903442, -0.9963281750679016, -1.0346485376358032, -1.0346485376358032, -0.9867480993270874, -1.0154882669448853, -0.9771680235862732, -1.0059082508087158, -0.9963281750679016, -1.0442285537719727, -1.0442285537719727, -1.0538086891174316, -1.0538086891174316, -1.0059082508087158, -1.0346485376358032, -1.0059082508087158, -1.0250684022903442, -1.0346485376358032, -1.0346485376358032, -1.0154882669448853, -1.0346485376358032, -1.0250684022903442, -1.0154882669448853, -1.0059082508087158, -1.0346485376358032, -1.0346485376358032, -1.0250684022903442, -1.0250684022903442, -9.877060890197754]

