
Description:
----------




Gait parameters:
----------

MaxStepX = 0.0799999982119
TorsoWy = 0.0
TorsoWx = 0.0
StepHeight = 0.0399999991059
Stiffness = 1.0
MaxStepTheta = 0.523598790169
MaxStepY = 0.159999996424
MaxStepFrequency = 0.397872340426


Stats:
----------

average_speed = 0.569952074515
final_displacement = 13.6740131565
elapsed_time = 23.9915139675


Sensor values:
----------

times = [0.22264480590820312, 0.441896915435791, 0.5641908645629883, 0.6813368797302246, 0.8080480098724365, 0.9205479621887207, 1.0403428077697754, 1.1555449962615967, 1.2680168151855469, 1.3822708129882812, 1.491994857788086, 1.6069979667663574, 1.7189929485321045, 1.838364839553833, 1.9620239734649658, 2.080922842025757, 2.2000389099121094, 2.325011968612671, 2.4427759647369385, 2.57708477973938, 2.7001078128814697, 2.816112995147705, 2.959911823272705, 3.0748989582061768, 3.1981239318847656, 3.314866781234741, 3.4288809299468994, 3.5470969676971436, 3.663644790649414, 3.7884647846221924, 3.9086718559265137, 4.049354791641235, 4.16870379447937, 4.295040845870972, 4.405157804489136, 4.517782926559448, 4.635545969009399, 4.74719500541687, 4.86696982383728, 4.9829089641571045, 5.10408091545105, 5.226271867752075, 5.328350782394409, 5.425001859664917, 5.543269872665405, 5.660184860229492, 5.781700849533081, 5.901302814483643, 6.023967981338501, 6.147785902023315, 6.2657599449157715, 6.393024921417236, 6.506537914276123, 6.6239190101623535, 6.744920015335083, 6.859799861907959, 6.986368894577026, 7.110653877258301, 7.2232489585876465, 7.337900876998901, 7.446868896484375, 7.564854860305786, 7.686666965484619, 7.803820848464966, 7.920820951461792, 8.03526496887207, 8.149236917495728, 8.26788592338562, 8.388104915618896, 8.506179809570312, 8.624701976776123, 8.739319801330566, 8.848526000976562, 8.96588397026062, 9.081263780593872, 9.198407888412476, 9.32819390296936, 9.441322803497314, 9.557608842849731, 9.665211915969849, 9.774744987487793, 9.887497901916504, 10.012664794921875, 10.126195907592773, 10.252514839172363, 10.366479873657227, 10.486721992492676, 10.606701850891113, 10.748006820678711, 10.872121810913086, 10.994751930236816, 11.11475682258606, 11.248567819595337, 11.368794918060303, 11.484130859375, 11.602770805358887, 11.72304081916809, 11.828074932098389, 11.945333003997803, 12.078382015228271, 12.195294857025146, 12.314855813980103, 12.433915853500366, 12.55243182182312, 23.991513967514038]

Device/SubDeviceList/LHipPitch/Position/Sensor/Value = [-0.7869000434875488, -0.6396360397338867, -0.6043541431427002, -0.5061781406402588, -0.30368995666503906, -0.15642595291137695, -0.038308143615722656, 0.1503739356994629, -0.08125996589660645, -0.6994619369506836, -0.7025301456451416, -0.6288981437683105, -0.5445280075073242, -0.3773219585418701, -0.2668740749359131, -0.1349501609802246, 0.042994022369384766, -0.042910099029541016, -0.6810541152954102, -0.6595780849456787, -0.5997519493103027, -0.4954400062561035, -0.29755401611328125, -0.17636799812316895, -0.0858621597290039, 0.09975194931030273, -0.1349501609802246, -0.6534421443939209, -0.6488399505615234, -0.5828781127929688, -0.44788599014282227, -0.3589141368865967, -0.21318411827087402, -0.038308143615722656, 0.19332599639892578, -0.12727999687194824, -0.6979279518127441, -0.6963939666748047, -0.6365680694580078, -0.5322561264038086, -0.47089600563049316, -0.4310121536254883, -0.440216064453125, -0.04137611389160156, 0.524669885635376, 0.5001258850097656, 0.45717406272888184, 0.44029998779296875, 0.4387660026550293, 0.4387660026550293, 0.4387660026550293, 0.4387660026550293, 0.4387660026550293, 0.4387660026550293, 0.4387660026550293, 0.4387660026550293, 0.4387660026550293, 0.4387660026550293, 0.4387660026550293, 0.4387660026550293, 0.4387660026550293, 0.4387660026550293, 0.4387660026550293, 0.4387660026550293, 0.4387660026550293, 0.4387660026550293, 0.4387660026550293, 0.4387660026550293, 0.4387660026550293, 0.4387660026550293, 0.4387660026550293, 0.4387660026550293, 0.4387660026550293, 0.4387660026550293, 0.4387660026550293, 0.4387660026550293, 0.4387660026550293, 0.4387660026550293, 0.4387660026550293, 0.4387660026550293, 0.4387660026550293, 0.4387660026550293, 0.4387660026550293, 0.43723201751708984, 0.4387660026550293, 0.4387660026550293, 0.4387660026550293, 0.4387660026550293, 0.4387660026550293, 0.4387660026550293, 0.4387660026550293, 0.4387660026550293, 0.4387660026550293, 0.4387660026550293, 0.43723201751708984, 0.4387660026550293, 0.4387660026550293, 0.4387660026550293, 0.43723201751708984, 0.4387660026550293, 0.4387660026550293, 0.4387660026550293, 0.43723201751708984, 0.4387660026550293, -1.5308901071548462]

Device/SubDeviceList/LHipYawPitch/Position/Sensor/Value = [0.0031099319458007812, 0.010779857635498047, 0.007711887359619141, -0.0014920234680175781, -0.009161949157714844, -0.0030260086059570312, -0.0014920234680175781, 0.0061779022216796875, -0.007627964019775391, 0.004643917083740234, 0.007711887359619141, 0.0015759468078613281, 4.1961669921875e-05, -0.013764142990112305, -0.0014920234680175781, 0.013848066329956055, 0.009245872497558594, -0.007627964019775391, 4.1961669921875e-05, 0.007711887359619141, 0.0015759468078613281, -0.0060939788818359375, -0.015298128128051758, 0.0031099319458007812, 0.013848066329956055, 0.0061779022216796875, -0.01222991943359375, -0.0030260086059570312, 0.007711887359619141, 0.007711887359619141, -0.0060939788818359375, -0.02143406867980957, 0.004643917083740234, -0.007627964019775391, 0.0061779022216796875, -0.007627964019775391, 0.009245872497558594, -0.004559993743896484, -0.0030260086059570312, 0.013848066329956055, -0.004559993743896484, -0.03217196464538574, -0.46476006507873535, -0.9188239574432373, -1.0507481098175049, -1.06455397605896, -1.0906319618225098, -1.0937001705169678, -1.0921659469604492, -1.0906319618225098, -1.0906319618225098, -1.0890979766845703, -1.0890979766845703, -1.0890979766845703, -1.0890979766845703, -1.0890979766845703, -1.0890979766845703, -1.0890979766845703, -1.0906319618225098, -1.0906319618225098, -1.0890979766845703, -1.0890979766845703, -1.0890979766845703, -1.0906319618225098, -1.0890979766845703, -1.0890979766845703, -1.0890979766845703, -1.0890979766845703, -1.0890979766845703, -1.0890979766845703, -1.0890979766845703, -1.0890979766845703, -1.0906319618225098, -1.0890979766845703, -1.0890979766845703, -1.0906319618225098, -1.0906319618225098, -1.0890979766845703, -1.0890979766845703, -1.0890979766845703, -1.0890979766845703, -1.0890979766845703, -1.0890979766845703, -1.0890979766845703, -1.0890979766845703, -1.0890979766845703, -1.0890979766845703, -1.0890979766845703, -1.0890979766845703, -1.0890979766845703, -1.0890979766845703, -1.0906319618225098, -1.0890979766845703, -1.0890979766845703, -1.0890979766845703, -1.0890979766845703, -1.0890979766845703, -1.0890979766845703, -1.0890979766845703, -1.0890979766845703, -1.0906319618225098, -1.0890979766845703, -1.0906319618225098, -1.0890979766845703, -0.610490083694458]

Device/SubDeviceList/InertialSensor/GyroscopeX/Sensor/Value = [0.06870955973863602, 0.2966761589050293, -0.506799578666687, 0.117978036403656, 0.10093380510807037, -0.5701828002929688, 0.07962851971387863, 0.027696875855326653, 0.1709749400615692, 0.14487597346305847, 0.3267698585987091, -0.34274885058403015, 0.20266656577587128, -0.3286340832710266, -0.21438446640968323, 0.006391586735844612, 0.40000680088996887, 0.13448964059352875, 0.6189186573028564, 0.11877698451280594, -0.2045307755470276, -0.37151098251342773, -0.7707188129425049, -0.13369068503379822, 0.052197959274053574, 0.12436962872743607, 0.41918155550956726, 0.883370578289032, 0.45886266231536865, 0.24580977857112885, -0.0812264159321785, -0.34381410479545593, -0.13821806013584137, -1.1233214139938354, -1.306280493736267, -0.7374293208122253, -1.0476876497268677, -0.39201730489730835, 0.2034655064344406, 0.5454154014587402, -0.23515713214874268, -0.14887070655822754, 0.8492820858955383, 0.7123956084251404, 0.954210638999939, -0.059122178703546524, 0.37950044870376587, 0.09534116834402084, -0.014114754274487495, -0.003728425595909357, -0.001597896683961153, -0.0002663161139935255, -0.003728425595909357, -0.001065264455974102, 0.002663161139935255, -0.000532632227987051, -0.0013315805699676275, -0.004261057823896408, -0.000532632227987051, -0.003728425595909357, 0.000532632227987051, -0.001065264455974102, -0.004261057823896408, 0.001597896683961153, -0.002663161139935255, 0.004527374170720577, 0.007190534844994545, -0.0002663161139935255, -0.0007989483419805765, 0.002130528911948204, -0.003195793367922306, -0.0007989483419805765, 0.005060005933046341, 0.003728425595909357, -0.0007989483419805765, 0.000532632227987051, -0.001597896683961153, -0.0007989483419805765, -0.005060005933046341, 0.004261057823896408, -0.006657903082668781, -0.003195793367922306, 0.0007989483419805765, -0.0018642127979546785, -0.002130528911948204, 0.0018642127979546785, 0.003994741477072239, -0.000532632227987051, -0.002130528911948204, 0.000532632227987051, -0.000532632227987051, -0.001065264455974102, 0.0013315805699676275, 0.002130528911948204, -0.0029294772539287806, -0.0018642127979546785, -0.000532632227987051, 0.001597896683961153, 0.002130528911948204, -0.0013315805699676275, 0.0007989483419805765, 0.0013315805699676275, -0.003195793367922306, 0.0, 0.0018642127979546785]

Device/SubDeviceList/LKneePitch/ElectricCurrent/Sensor/Value = [0.0, 0.4000000059604645, 0.06400000303983688, 1.0720000267028809, 0.08000000566244125, 0.14400000870227814, 0.06400000303983688, 0.8320000171661377, 0.1600000113248825, 0.8960000276565552, 0.0, 0.0, 0.5760000348091125, 0.320000022649765, 0.4480000138282776, 0.5920000076293945, 0.30400002002716064, 0.09600000083446503, 0.9120000600814819, 0.784000039100647, 0.0, 1.040000081062317, 0.24000000953674316, 0.5440000295639038, 0.6080000400543213, 0.1600000113248825, 0.0, 0.0, 1.1040000915527344, 0.19200000166893005, 0.0, 0.4480000138282776, 0.0, 0.14400000870227814, 0.0, 0.0, 0.0, 0.64000004529953, 1.184000015258789, 1.4240000247955322, 1.408000111579895, 0.41600000858306885, 0.0, 0.0, 0.0, 0.0, 0.0, 0.0, 0.0, 0.0, 0.0, 0.0, 0.0, 0.0, 0.0, 0.0, 0.0, 0.0, 0.0, 0.0, 0.0, 0.0, 0.0, 0.0, 0.0, 0.0, 0.0, 0.0, 0.0, 0.0, 0.0, 0.0, 0.0, 0.0, 0.0, 0.0, 0.0, 0.0, 0.0, 0.0, 0.0, 0.0, 0.0, 0.0, 0.0, 0.0, 0.0, 0.0, 0.0, 0.0, 0.0, 0.0, 0.0, 0.0, 0.0, 0.0, 0.0, 0.0, 0.0, 0.0, 0.0, 0.0, 0.0, 0.0, 0.0]

Device/SubDeviceList/LAnkleRoll/Position/Sensor/Value = [-0.230057954788208, -0.16256213188171387, -0.03063797950744629, 0.04912996292114258, 0.07367396354675293, 0.07213997840881348, -0.007627964019775391, -0.12727999687194824, -0.12727999687194824, -0.1779019832611084, -0.11040592193603516, 4.1961669921875e-05, 0.15497589111328125, 0.21786999702453613, 0.23474407196044922, 0.18412208557128906, 0.024585962295532227, -0.10273599624633789, -0.15029001235961914, -0.07972598075866699, 0.023051977157592773, 0.18565607070922852, 0.257753849029541, 0.260822057723999, 0.13963603973388672, -0.024502038955688477, -0.11654210090637207, -0.1779019832611084, -0.11194014549255371, 0.01691603660583496, 0.06907200813293457, 0.09668397903442383, 0.08748006820678711, 0.0015759468078613281, -0.06438612937927246, -0.09660005569458008, -0.09813404083251953, -0.0060939788818359375, 0.12429594993591309, 0.2255399227142334, 0.257753849029541, 0.22093796730041504, 0.2316758632659912, 0.23781204223632812, 0.20713186264038086, 0.19179201126098633, 0.19179201126098633, 0.19332599639892578, 0.19332599639892578, 0.19179201126098633, 0.19332599639892578, 0.19332599639892578, 0.19332599639892578, 0.19332599639892578, 0.19332599639892578, 0.19332599639892578, 0.19332599639892578, 0.19332599639892578, 0.19332599639892578, 0.19179201126098633, 0.19332599639892578, 0.19332599639892578, 0.19332599639892578, 0.19332599639892578, 0.19332599639892578, 0.19332599639892578, 0.19332599639892578, 0.19332599639892578, 0.19332599639892578, 0.19179201126098633, 0.19332599639892578, 0.19179201126098633, 0.19332599639892578, 0.19332599639892578, 0.19332599639892578, 0.19332599639892578, 0.19332599639892578, 0.19332599639892578, 0.19332599639892578, 0.19332599639892578, 0.19332599639892578, 0.19332599639892578, 0.19332599639892578, 0.19332599639892578, 0.19332599639892578, 0.19332599639892578, 0.19332599639892578, 0.19332599639892578, 0.19332599639892578, 0.19332599639892578, 0.19332599639892578, 0.19332599639892578, 0.19332599639892578, 0.19332599639892578, 0.19332599639892578, 0.19332599639892578, 0.19332599639892578, 0.19332599639892578, 0.19332599639892578, 0.19332599639892578, 0.19332599639892578, 0.19332599639892578, 0.19332599639892578, 0.19332599639892578, -0.0030260086059570312]

displacement = [0.028099488237143647, 0.0617808418706698, 0.0746584949513776, 0.07797961011192782, 0.08989342354098295, 0.12194636336840542, 0.15419491320568912, 0.15624247762998997, 0.15737044133257383, 0.1778711250367678, 0.21499791504481966, 0.23821983318504317, 0.23670172442518986, 0.23881944153829573, 0.2671706882068494, 0.30596920302533337, 0.3151613431805202, 0.3180219630667518, 0.33042236039672895, 0.37521673625103275, 0.39297393841473166, 0.3963654561553317, 0.4084913890386895, 0.44098723393832195, 0.4753987660793294, 0.47651037202990265, 0.47592722710704005, 0.499299378143991, 0.5367532701513831, 0.5537165412950622, 0.5566012501385587, 0.5650915785654533, 0.6034182521539669, 0.6368965849198861, 0.6392177535284358, 0.6404987660745711, 0.6580046796323751, 0.7037344443736403, 0.7229951584964814, 0.7167698257912309, 0.7173437349885569, 0.7566120598349303, 13.674013156545925, 13.674013156545925, 13.674013156545925, 13.674013156545925, 13.674013156545925, 13.674013156545925, 13.674013156545925, 13.674013156545925, 13.674013156545925, 13.674013156545925, 13.674013156545925, 13.674013156545925, 13.674013156545925, 13.674013156545925, 13.674013156545925, 13.674013156545925, 13.674013156545925, 13.674013156545925, 13.674013156545925, 13.674013156545925, 13.674013156545925, 13.674013156545925, 13.674013156545925, 13.674013156545925, 13.674013156545925, 13.674013156545925, 13.674013156545925, 13.674013156545925, 13.674013156545925, 13.674013156545925, 13.674013156545925, 13.674013156545925, 13.674013156545925, 13.674013156545925, 13.674013156545925, 13.674013156545925, 13.674013156545925, 13.674013156545925, 13.674013156545925, 13.674013156545925, 13.674013156545925, 13.674013156545925, 13.674013156545925, 13.674013156545925, 13.674013156545925, 13.674013156545925, 13.674013156545925, 13.674013156545925, 13.674013156545925, 13.674013156545925, 13.674013156545925, 13.674013156545925, 13.674013156545925, 13.674013156545925, 13.674013156545925, 13.674013156545925, 13.674013156545925, 13.674013156545925, 13.674013156545925, 13.674013156545925, 13.674013156545925, 13.674013156545925, 13.674013156545925]

position_x = [0.024870872497558594, 0.054902076721191406, 0.07058048248291016, 0.07390689849853516, 0.08629322052001953, 0.115997314453125, 0.14685726165771484, 0.1460437774658203, 0.14548492431640625, 0.16415882110595703, 0.19651222229003906, 0.21886730194091797, 0.22008037567138672, 0.22288990020751953, 0.25112438201904297, 0.28690242767333984, 0.29226207733154297, 0.2950897216796875, 0.30492305755615234, 0.34500694274902344, 0.3654336929321289, 0.36762237548828125, 0.38057708740234375, 0.4127082824707031, 0.4425344467163086, 0.44129085540771484, 0.4407358169555664, 0.45941925048828125, 0.49405574798583984, 0.5133218765258789, 0.5158042907714844, 0.5266876220703125, 0.5604715347290039, 0.5917949676513672, 0.5916738510131836, 0.5925140380859375, 0.6050796508789062, 0.6475296020507812, 0.6708145141601562, 0.663212776184082, 0.665008544921875, 0.7030754089355469, -13.623394966125488, -13.623394966125488, -13.623394966125488, -13.623394966125488, -13.623394966125488, -13.623394966125488, -13.623394966125488, -13.623394966125488, -13.623394966125488, -13.623394966125488, -13.623394966125488, -13.623394966125488, -13.623394966125488, -13.623394966125488, -13.623394966125488, -13.623394966125488, -13.623394966125488, -13.623394966125488, -13.623394966125488, -13.623394966125488, -13.623394966125488, -13.623394966125488, -13.623394966125488, -13.623394966125488, -13.623394966125488, -13.623394966125488, -13.623394966125488, -13.623394966125488, -13.623394966125488, -13.623394966125488, -13.623394966125488, -13.623394966125488, -13.623394966125488, -13.623394966125488, -13.623394966125488, -13.623394966125488, -13.623394966125488, -13.623394966125488, -13.623394966125488, -13.623394966125488, -13.623394966125488, -13.623394966125488, -13.623394966125488, -13.623394966125488, -13.623394966125488, -13.623394966125488, -13.623394966125488, -13.623394966125488, -13.623394966125488, -13.623394966125488, -13.623394966125488, -13.623394966125488, -13.623394966125488, -13.623394966125488, -13.623394966125488, -13.623394966125488, -13.623394966125488, -13.623394966125488, -13.623394966125488, -13.623394966125488, -13.623394966125488, -13.623394966125488, -13.623394966125488]

position_y = [0.013077497482299805, 0.02833080291748047, 0.024336934089660645, 0.024871468544006348, 0.025185465812683105, 0.03762364387512207, 0.04700016975402832, 0.05552411079406738, 0.059996604919433594, 0.06848371028900146, 0.08721840381622314, 0.09405207633972168, 0.08713400363922119, 0.08576023578643799, 0.09119606018066406, 0.10632097721099854, 0.11793875694274902, 0.11857497692108154, 0.12728261947631836, 0.1475052833557129, 0.14452242851257324, 0.14818692207336426, 0.1484125852584839, 0.15537571907043457, 0.17368721961975098, 0.179790198802948, 0.17960697412490845, 0.19553470611572266, 0.20979273319244385, 0.2076117992401123, 0.20916712284088135, 0.20476484298706055, 0.22357380390167236, 0.23540598154067993, 0.24191194772720337, 0.24324017763137817, 0.25855129957199097, 0.2755858898162842, 0.2696847915649414, 0.27185988426208496, 0.2689715027809143, 0.27954745292663574, 1.1754766702651978, 1.1754766702651978, 1.1754766702651978, 1.1754766702651978, 1.1754766702651978, 1.1754766702651978, 1.1754766702651978, 1.1754766702651978, 1.1754766702651978, 1.1754766702651978, 1.1754766702651978, 1.1754766702651978, 1.1754766702651978, 1.1754766702651978, 1.1754766702651978, 1.1754766702651978, 1.1754766702651978, 1.1754766702651978, 1.1754766702651978, 1.1754766702651978, 1.1754766702651978, 1.1754766702651978, 1.1754766702651978, 1.1754766702651978, 1.1754766702651978, 1.1754766702651978, 1.1754766702651978, 1.1754766702651978, 1.1754766702651978, 1.1754766702651978, 1.1754766702651978, 1.1754766702651978, 1.1754766702651978, 1.1754766702651978, 1.1754766702651978, 1.1754766702651978, 1.1754766702651978, 1.1754766702651978, 1.1754766702651978, 1.1754766702651978, 1.1754766702651978, 1.1754766702651978, 1.1754766702651978, 1.1754766702651978, 1.1754766702651978, 1.1754766702651978, 1.1754766702651978, 1.1754766702651978, 1.1754766702651978, 1.1754766702651978, 1.1754766702651978, 1.1754766702651978, 1.1754766702651978, 1.1754766702651978, 1.1754766702651978, 1.1754766702651978, 1.1754766702651978, 1.1754766702651978, 1.1754766702651978, 1.1754766702651978, 1.1754766702651978, 1.1754766702651978, 1.1754766702651978]

Device/SubDeviceList/LFoot/FSR/TotalWeight/Sensor/Value = [0.0, 0.0, 0.0, 0.0, 0.0, 1.0345430374145508, 0.0, 0.20946991443634033, 0.0, 0.0, 0.0, 0.4953731298446655, 0.35030391812324524, 0.9891550540924072, 1.3857308626174927, 1.6074132919311523, 1.481872797012329, 0.0, 0.0, 0.0, 0.0, 0.4155154526233673, 0.9359882473945618, 2.623962163925171, 3.3457093238830566, 3.224937915802002, 0.0, 0.0, 0.0, 0.0, 0.0, 3.771501302719116, 1.5763229131698608, 0.0, 2.6513848304748535, 0.2280433177947998, 0.0, 4.835320472717285, 1.9605400562286377, 1.3511648178100586, 4.088528156280518, 2.6766250133514404, 0.0, 0.0, 0.0, 0.0, 0.0, 0.0, 0.0, 0.0, 0.0, 0.0, 0.0, 0.0, 0.0, 0.0, 0.0, 0.0, 0.0, 0.0, 0.0, 0.0, 0.0, 0.0, 0.0, 0.0, 0.0, 0.0, 0.0, 0.0, 0.0, 0.0, 0.0, 0.0, 0.0, 0.0, 0.0, 0.0, 0.0, 0.0, 0.0, 0.0, 0.0, 0.0, 0.0, 0.0, 0.0, 0.0, 0.0, 0.0, 0.0, 0.0, 0.0, 0.0, 0.0, 0.0, 0.0, 0.0, 0.0, 0.0, 0.0, 0.0, 0.0, 0.0, 0.33844703435897827]

Device/SubDeviceList/InertialSensor/AngleX/Sensor/Value = [0.04793709143996239, 0.10852926224470139, 0.12597864866256714, 0.17468231916427612, 0.09510724991559982, -0.016298118978738785, -0.06385166198015213, -0.03182965889573097, -0.04160911217331886, 0.015531715005636215, 0.07420652359724045, 0.08110969513654709, 0.0743982121348381, 0.01764124259352684, -0.04065019264817238, -0.05924970284104347, -0.0715215876698494, -0.09798271209001541, 0.01706570014357567, 0.0987502858042717, 0.11754148453474045, 0.12195175141096115, -0.025885406881570816, -0.09990007430315018, -0.13556510210037231, -0.16739541292190552, -0.13671571016311646, 0.04793709143996239, 0.17372387647628784, 0.22933071851730347, 0.2730490565299988, 0.2707478404045105, 0.17755860090255737, 0.10603683441877365, 0.03298109397292137, -0.11984188109636307, -0.16413575410842896, -0.20632010698318481, -0.2506135106086731, -0.22108441591262817, -0.18235141038894653, -0.205552875995636, -0.1290457844734192, 0.04371898993849754, 0.12367742508649826, 0.12540310621261597, 0.22089356184005737, 0.14400261640548706, 0.08091800659894943, 0.029337581247091293, -0.005368534941226244, -0.030487362295389175, -0.0498541034758091, -0.0630844309926033, -0.07401401549577713, -0.08225948363542557, -0.08858711272478104, -0.0931890681385994, -0.0962570384144783, -0.09855777770280838, -0.10028345137834549, -0.10124237090349197, -0.10239297896623611, -0.1033514216542244, -0.10373527556657791, -0.10411865264177322, -0.10411865264177322, -0.10469371825456619, -0.10469371825456619, -0.10450202971696854, -0.10450202971696854, -0.1050770953297615, -0.10488540679216385, -0.10469371825456619, -0.1050770953297615, -0.10488540679216385, -0.1050770953297615, -0.10526926070451736, -0.10546094924211502, -0.10488540679216385, -0.10526926070451736, -0.10526926070451736, -0.10469371825456619, -0.1050770953297615, -0.1050770953297615, -0.1050770953297615, -0.10488540679216385, -0.10488540679216385, -0.1050770953297615, -0.10526926070451736, -0.10526926070451736, -0.10526926070451736, -0.10488540679216385, -0.10469371825456619, -0.1050770953297615, -0.1050770953297615, -0.10450202971696854, -0.10469371825456619, -0.10450202971696854, -0.10431034117937088, -0.10450202971696854, -0.10450202971696854, -0.10469371825456619, -0.10469371825456619, 0.010354693979024887]

Device/SubDeviceList/LHipPitch/ElectricCurrent/Sensor/Value = [0.0, 1.0240000486373901, 0.0, 1.5200001001358032, 0.656000018119812, 0.4320000112056732, 0.0, 0.0, 0.5120000243186951, 0.7520000338554382, 0.04800000041723251, 0.0, 0.01600000075995922, 0.656000018119812, 0.0, 0.0, 0.0, 0.8640000224113464, 0.0, 0.04800000041723251, 0.0, 1.3920000791549683, 0.30400002002716064, 0.06400000303983688, 0.0, 0.0, 0.04800000041723251, 0.3680000305175781, 0.5760000348091125, 0.0, 0.48000001907348633, 1.3920000791549683, 0.4000000059604645, 0.3360000252723694, 0.0, 0.5760000348091125, 0.0, 0.4960000216960907, 0.5120000243186951, 0.0, 0.08000000566244125, 0.4480000138282776, 0.20800000429153442, 0.0, 0.0, 0.0, 0.0, 0.0, 0.0, 0.0, 0.0, 0.0, 0.0, 0.0, 0.0, 0.0, 0.0, 0.0, 0.0, 0.0, 0.0, 0.0, 0.0, 0.0, 0.0, 0.0, 0.0, 0.0, 0.0, 0.0, 0.0, 0.0, 0.0, 0.0, 0.0, 0.0, 0.0, 0.0, 0.0, 0.0, 0.0, 0.0, 0.0, 0.0, 0.0, 0.0, 0.0, 0.0, 0.0, 0.0, 0.0, 0.0, 0.0, 0.0, 0.0, 0.0, 0.0, 0.0, 0.0, 0.0, 0.0, 0.0, 0.0, 0.0, 0.0]

Device/SubDeviceList/LHipRoll/Position/Sensor/Value = [0.2853660583496094, 0.19792795181274414, 0.07674193382263184, -0.015298128128051758, -0.03984212875366211, -0.02603602409362793, -0.03063797950744629, 0.07827591896057129, 0.16724801063537598, 0.21480202674865723, 0.1764519214630127, 0.07060599327087402, -0.07512402534484863, -0.12727999687194824, -0.1579599380493164, -0.16409611701965332, -0.07052206993103027, 0.06447005271911621, 0.16571402549743652, 0.13196587562561035, 0.042994022369384766, -0.11654210090637207, -0.1518239974975586, -0.18557214736938477, -0.17176604270935059, -0.042910099029541016, 0.1043539047241211, 0.1963939666748047, 0.14270401000976562, 0.03685808181762695, -0.07665801048278809, -0.10733795166015625, -0.06438612937927246, -0.03063797950744629, 0.06447005271911621, 0.14730596542358398, 0.14577198028564453, 0.06447005271911621, -0.05518198013305664, -0.16563010215759277, -0.16409611701965332, -0.2239220142364502, -0.21318411827087402, -0.11500811576843262, -0.11347413063049316, -0.10426998138427734, -0.1257460117340088, -0.13034796714782715, -0.1288139820098877, -0.12727999687194824, -0.12727999687194824, -0.12727999687194824, -0.12727999687194824, -0.12727999687194824, -0.12727999687194824, -0.12727999687194824, -0.12727999687194824, -0.12727999687194824, -0.12727999687194824, -0.12727999687194824, -0.12727999687194824, -0.12727999687194824, -0.12727999687194824, -0.12727999687194824, -0.12727999687194824, -0.12727999687194824, -0.12727999687194824, -0.12727999687194824, -0.12727999687194824, -0.12727999687194824, -0.12727999687194824, -0.12727999687194824, -0.12727999687194824, -0.12727999687194824, -0.12727999687194824, -0.12727999687194824, -0.12727999687194824, -0.12727999687194824, -0.12727999687194824, -0.12727999687194824, -0.12727999687194824, -0.12727999687194824, -0.12727999687194824, -0.12727999687194824, -0.12727999687194824, -0.12727999687194824, -0.12727999687194824, -0.12727999687194824, -0.12727999687194824, -0.12727999687194824, -0.12727999687194824, -0.12727999687194824, -0.12727999687194824, -0.12727999687194824, -0.12727999687194824, -0.12727999687194824, -0.12727999687194824, -0.12727999687194824, -0.12727999687194824, -0.12727999687194824, -0.12727999687194824, -0.12727999687194824, -0.12727999687194824, -0.12727999687194824, 0.2746279239654541]

Device/SubDeviceList/RHipPitch/Position/Sensor/Value = [-0.2915019989013672, -0.1963939666748047, -0.033789873123168945, 0.038308143615722656, -0.46944594383239746, -0.7056820392608643, -0.6305160522460938, -0.5354080200195312, -0.42035794258117676, -0.2807638645172119, -0.1994619369506836, -0.09054803848266602, 0.08893013000488281, -0.27922987937927246, -0.7670419216156006, -0.6412539482116699, -0.581428050994873, -0.48785400390625, -0.27922987937927246, -0.15190792083740234, -0.03072190284729004, 0.12114405632019043, -0.46944594383239746, -0.7087500095367432, -0.6397199630737305, -0.544611930847168, -0.4249598979949951, -0.22093796730041504, -0.08748006820678711, 0.02603602409362793, 0.06438612937927246, -0.5691559314727783, -0.7563040256500244, -0.6443219184875488, -0.5016598701477051, -0.42035794258117676, -0.23627805709838867, -0.18565607070922852, -0.06447005271911621, 0.056715965270996094, -0.6197779178619385, -0.9081697463989258, -0.9097042083740234, -0.8544800281524658, -0.714885950088501, -0.7332940101623535, -0.6151759624481201, -0.5139319896697998, -0.4970579147338867, -0.48938798904418945, -0.48938798904418945, -0.48938798904418945, -0.48938798904418945, -0.48938798904418945, -0.48938798904418945, -0.48785400390625, -0.48938798904418945, -0.48785400390625, -0.48785400390625, -0.48938798904418945, -0.48938798904418945, -0.48938798904418945, -0.48785400390625, -0.48938798904418945, -0.48938798904418945, -0.48938798904418945, -0.48785400390625, -0.48785400390625, -0.48938798904418945, -0.48785400390625, -0.48938798904418945, -0.48938798904418945, -0.48785400390625, -0.48938798904418945, -0.48938798904418945, -0.48785400390625, -0.48938798904418945, -0.48785400390625, -0.48785400390625, -0.48785400390625, -0.48785400390625, -0.48938798904418945, -0.48785400390625, -0.48938798904418945, -0.48938798904418945, -0.48938798904418945, -0.48938798904418945, -0.48938798904418945, -0.48785400390625, -0.48785400390625, -0.48938798904418945, -0.48785400390625, -0.48938798904418945, -0.48785400390625, -0.48785400390625, -0.48785400390625, -0.48785400390625, -0.48938798904418945, -0.48785400390625, -0.48785400390625, -0.48785400390625, -0.48785400390625, -0.48785400390625, -0.48785400390625, -1.5355758666992188]

Device/SubDeviceList/RFoot/FSR/CenterOfPressure/X/Sensor/Value = [-0.029650000855326653, 0.011161642149090767, 0.007333799730986357, 0.0023587218020111322, -0.029650000855326653, 0.0, -0.030250001698732376, -0.030249999836087227, -0.029773874208331108, -0.029956966638565063, -0.0043902890756726265, -0.029650000855326653, -0.03023303858935833, 0.0, -0.029650000855326653, 0.0, -0.030250001698732376, -0.004395945463329554, 0.03728241100907326, 0.01573077216744423, 0.009713186882436275, -0.030249997973442078, 0.0, -0.029650000855326653, 0.0, 0.0, 0.0412600003182888, 0.02958747372031212, 0.01184044685214758, 0.009021730162203312, 0.03064301237463951, 0.0, 0.0702499970793724, 0.06907804310321808, -0.029650000855326653, 0.04196544736623764, -0.03024931438267231, -0.030249997973442078, 0.0, -0.030249793082475662, -0.029650000855326653, -0.029650000855326653, 0.0, -0.029650002717971802, -0.029650000855326653, -0.029650000855326653, 0.0, 0.0, -0.029650000855326653, -0.029650000855326653, -0.029650000855326653, 0.0, -0.029650000855326653, 0.0, -0.029649998992681503, -0.029650000855326653, 0.0, -0.029650000855326653, 0.0, 0.0, 0.0, -0.029649998992681503, -0.029649998992681503, 0.0, -0.029650000855326653, -0.029650000855326653, -0.029649998992681503, -0.029650000855326653, 0.0, -0.029650000855326653, 0.0, -0.029650000855326653, 0.0, -0.029649998992681503, 0.0, 0.0, 0.0, -0.029650000855326653, 0.0, 0.0, -0.029650000855326653, 0.0, -0.029649998992681503, -0.029650000855326653, 0.0, 0.0, 0.0, -0.029650000855326653, 0.0, -0.029650000855326653, 0.0, 0.0, 0.0, 0.0, 0.0, 0.0, 0.0, -0.029650000855326653, -0.029650000855326653, -0.029650000855326653, 0.0, -0.029650000855326653, -0.029650000855326653, -0.029650000855326653, -0.03000355139374733]

Device/SubDeviceList/InertialSensor/AngleY/Sensor/Value = [0.001533810282126069, 0.02300960198044777, 0.008628670126199722, -0.013806041330099106, 0.11044628173112869, 0.10622818022966385, 0.05215531960129738, 0.023201290518045425, -0.03470629081130028, -0.026844676584005356, -0.03509014472365379, -0.02550237998366356, -0.04333513602614403, 0.026652637869119644, 0.04812842980027199, 0.010162655264139175, -0.028570350259542465, -0.03949993476271629, 0.06672794371843338, 0.0325968898832798, -0.008629020303487778, -0.0044104414992034435, 0.1046941950917244, 0.07689077407121658, -0.015148337930440903, -0.06135958060622215, -0.00786178931593895, 0.08782035857439041, 0.02416021004319191, -0.04371851310133934, -0.03202217444777489, 0.15895873308181763, 0.24716264009475708, 0.24006778001785278, 0.20440274477005005, 0.053497616201639175, 0.09510643035173416, -0.034897979348897934, -0.03336399421095848, -0.15052193403244019, -0.2579008936882019, -0.3428446650505066, -0.40842264890670776, -0.8624808192253113, -1.415289044380188, -1.6760660409927368, -1.4806753396987915, -1.4463521242141724, -1.4375320672988892, -1.431587815284729, -1.4277526140213013, -1.4235340356826782, -1.4208499193191528, -1.418932557106018, -1.4175902605056763, -1.4158645868301392, -1.4145222902297974, -1.4139467477798462, -1.4137550592422485, -1.4131799936294556, -1.412988305091858, -1.4131799936294556, -1.4127966165542603, -1.4127966165542603, -1.412988305091858, -1.4133716821670532, -1.4133716821670532, -1.412988305091858, -1.4127966165542603, -1.412221074104309, -1.4118376970291138, -1.4120293855667114, -1.4124127626419067, -1.412221074104309, -1.412221074104309, -1.4124127626419067, -1.4127966165542603, -1.412988305091858, -1.4131799936294556, -1.4131799936294556, -1.412988305091858, -1.412988305091858, -1.4133716821670532, -1.4131799936294556, -1.412988305091858, -1.4127966165542603, -1.4124127626419067, -1.412221074104309, -1.412221074104309, -1.412988305091858, -1.4127966165542603, -1.4124127626419067, -1.4118376970291138, -1.4126049280166626, -1.4120293855667114, -1.4127966165542603, -1.4126049280166626, -1.4127966165542603, -1.4137550592422485, -1.4141384363174438, -1.4143301248550415, -1.4137550592422485, -1.4133716821670532, -1.4131799936294556, -0.30852192640304565]

Device/SubDeviceList/LHipRoll/ElectricCurrent/Sensor/Value = [0.12800000607967377, 0.0, 0.0, 0.0, 0.2880000174045563, 0.46400001645088196, 0.0, 0.03200000151991844, 0.04800000041723251, 0.09600000083446503, 0.0, 0.0, 0.0, 0.0, 0.24000000953674316, 0.0, 0.2240000069141388, 0.0, 0.0, 0.0, 0.0, 1.0240000486373901, 0.06400000303983688, 0.4960000216960907, 0.7360000610351562, 0.35200002789497375, 0.3360000252723694, 0.08000000566244125, 0.0, 0.0, 0.48000001907348633, 0.6880000233650208, 0.41600000858306885, 0.12800000607967377, 0.6080000400543213, 0.01600000075995922, 0.0, 0.0, 0.0, 0.320000022649765, 0.320000022649765, 0.0, 0.0, 0.0, 0.0, 0.0, 0.0, 0.0, 0.0, 0.0, 0.0, 0.0, 0.0, 0.0, 0.0, 0.0, 0.0, 0.0, 0.0, 0.0, 0.0, 0.0, 0.0, 0.0, 0.0, 0.0, 0.0, 0.0, 0.0, 0.0, 0.0, 0.0, 0.0, 0.0, 0.0, 0.0, 0.0, 0.0, 0.0, 0.0, 0.0, 0.0, 0.0, 0.0, 0.0, 0.0, 0.0, 0.0, 0.0, 0.0, 0.0, 0.0, 0.0, 0.0, 0.0, 0.0, 0.0, 0.0, 0.0, 0.0, 0.0, 0.0, 0.0, 0.0, 0.0]

Device/SubDeviceList/LKneePitch/Position/Sensor/Value = [1.402034044265747, 0.8344540596008301, 1.0185341835021973, 1.010864019393921, 0.8559300899505615, 0.8237161636352539, 0.7915019989013672, 0.6396360397338867, 1.1320500373840332, 1.518618106842041, 0.9464361667633057, 0.9817180633544922, 1.0553500652313232, 0.894279956817627, 0.8390560150146484, 0.8313860893249512, 0.7316761016845703, 0.9648439884185791, 1.52168607711792, 0.9356980323791504, 1.0384759902954102, 1.0630199909210205, 0.8559300899505615, 0.8313860893249512, 0.8313860893249512, 0.6687819957733154, 1.1949440240859985, 1.501744031906128, 1.0031940937042236, 1.0860300064086914, 0.9909219741821289, 0.837522029876709, 0.8298521041870117, 0.7945699691772461, 0.5874800682067871, 1.0921659469604492, 1.5109480619430542, 1.0384759902954102, 1.0139319896697998, 0.9571740627288818, 0.8804740905761719, 0.8682019710540771, 0.8313860893249512, 0.9065520763397217, 0.9924559593200684, 0.9725141525268555, 0.9556400775909424, 0.9479701519012451, 0.9387660026550293, 0.9372320175170898, 0.9356980323791504, 0.9372320175170898, 0.9356980323791504, 0.9372320175170898, 0.9356980323791504, 0.9372320175170898, 0.9372320175170898, 0.9356980323791504, 0.9356980323791504, 0.9372320175170898, 0.9356980323791504, 0.9372320175170898, 0.9372320175170898, 0.9372320175170898, 0.9372320175170898, 0.9356980323791504, 0.9356980323791504, 0.9372320175170898, 0.9356980323791504, 0.9356980323791504, 0.9372320175170898, 0.9372320175170898, 0.9372320175170898, 0.9356980323791504, 0.9356980323791504, 0.9356980323791504, 0.9356980323791504, 0.9356980323791504, 0.9356980323791504, 0.9372320175170898, 0.9356980323791504, 0.9372320175170898, 0.9356980323791504, 0.9356980323791504, 0.9372320175170898, 0.9372320175170898, 0.9372320175170898, 0.9356980323791504, 0.9356980323791504, 0.9356980323791504, 0.9372320175170898, 0.9356980323791504, 0.9356980323791504, 0.9356980323791504, 0.9372320175170898, 0.9372320175170898, 0.9356980323791504, 0.9356980323791504, 0.9372320175170898, 0.9356980323791504, 0.9372320175170898, 0.9356980323791504, 0.9356980323791504, 0.9372320175170898, 1.3912960290908813]

Device/SubDeviceList/RHipRoll/ElectricCurrent/Sensor/Value = [0.5120000243186951, 0.7200000286102295, 0.8960000276565552, 0.0, 0.09600000083446503, 0.09600000083446503, 0.0, 0.08000000566244125, 0.6720000505447388, 0.3840000033378601, 0.5440000295639038, 0.5120000243186951, 0.25600001215934753, 0.2880000174045563, 0.06400000303983688, 0.0, 0.0, 0.9600000381469727, 0.1120000034570694, 0.5760000348091125, 0.25600001215934753, 0.06400000303983688, 0.0, 0.0, 0.0, 0.0, 0.5600000023841858, 0.0, 0.5920000076293945, 0.19200000166893005, 0.04800000041723251, 0.03200000151991844, 0.0, 0.12800000607967377, 0.06400000303983688, 0.0, 1.0880000591278076, 0.14400000870227814, 0.12800000607967377, 0.3680000305175781, 0.19200000166893005, 0.0, 0.0, 0.0, 0.0, 0.0, 0.0, 0.0, 0.0, 0.0, 0.0, 0.0, 0.0, 0.0, 0.0, 0.0, 0.0, 0.0, 0.0, 0.0, 0.0, 0.0, 0.0, 0.0, 0.0, 0.0, 0.0, 0.0, 0.0, 0.0, 0.0, 0.0, 0.0, 0.0, 0.0, 0.0, 0.0, 0.0, 0.0, 0.0, 0.0, 0.0, 0.0, 0.0, 0.0, 0.0, 0.0, 0.0, 0.0, 0.0, 0.0, 0.0, 0.0, 0.0, 0.0, 0.0, 0.0, 0.0, 0.0, 0.0, 0.0, 0.0, 0.0, 0.0, 0.0]

Device/SubDeviceList/LFoot/FSR/CenterOfPressure/X/Sensor/Value = [0.0, 0.0, 0.0, 0.0, 0.0, 0.070250004529953, 0.0, -0.029984790831804276, 0.0, 0.0, 0.0, -0.029658937826752663, -0.030134929344058037, -0.030190926045179367, 0.037428148090839386, 0.039593782275915146, -0.0022682268172502518, 0.0, 0.0, 0.0, 0.0, 0.022217173129320145, -0.007485078647732735, 0.0010639597894623876, 0.0049894158728420734, 0.010665508918464184, 0.0, 0.0, 0.0, 0.0, 0.0, 0.0504014827311039, 0.0702499970793724, 0.0, 0.05540744960308075, -0.030249999836087227, 0.0, 0.0038184979930520058, -0.030249999836087227, -0.030249997973442078, -0.030249999836087227, -0.030249999836087227, 0.0, -0.029992645606398582, 0.0, 0.0, 0.0, 0.0, 0.0, 0.0, 0.0, 0.0, 0.0, 0.0, 0.0, 0.0, 0.0, 0.0, 0.0, 0.0, 0.0, 0.0, 0.0, 0.0, 0.0, 0.0, 0.0, 0.0, 0.0, 0.0, 0.0, 0.0, 0.0, 0.0, 0.0, 0.0, 0.0, 0.0, 0.0, 0.0, 0.0, 0.0, 0.0, 0.0, 0.0, 0.0, 0.0, 0.0, 0.0, 0.0, 0.0, 0.0, 0.0, 0.0, 0.0, 0.0, 0.0, 0.0, 0.0, 0.0, 0.0, 0.0, 0.0, 0.0, -0.029871616512537003]

Device/SubDeviceList/RAnkleRoll/ElectricCurrent/Sensor/Value = [0.03200000151991844, 0.7040000557899475, 0.24000000953674316, 0.14400000870227814, 0.0, 0.20800000429153442, 0.08000000566244125, 0.0, 0.0, 0.01600000075995922, 0.2880000174045563, 0.06400000303983688, 0.14400000870227814, 0.08000000566244125, 0.320000022649765, 0.64000004529953, 0.1600000113248825, 0.06400000303983688, 0.0, 0.3840000033378601, 0.08000000566244125, 0.4000000059604645, 0.8960000276565552, 0.1120000034570694, 0.03200000151991844, 0.06400000303983688, 0.0, 0.3840000033378601, 0.8640000224113464, 0.30400002002716064, 0.320000022649765, 0.7520000338554382, 0.08000000566244125, 0.03200000151991844, 0.0, 0.5920000076293945, 0.25600001215934753, 0.0, 0.0, 0.0, 0.3840000033378601, 0.0, 0.0, 0.0, 0.0, 0.0, 0.0, 0.0, 0.0, 0.0, 0.0, 0.0, 0.0, 0.0, 0.0, 0.0, 0.0, 0.0, 0.0, 0.0, 0.0, 0.0, 0.0, 0.0, 0.0, 0.0, 0.0, 0.0, 0.0, 0.0, 0.0, 0.0, 0.0, 0.0, 0.0, 0.0, 0.0, 0.0, 0.0, 0.0, 0.0, 0.0, 0.0, 0.0, 0.0, 0.0, 0.0, 0.0, 0.0, 0.0, 0.0, 0.0, 0.0, 0.0, 0.0, 0.0, 0.0, 0.0, 0.0, 0.0, 0.0, 0.0, 0.0, 0.0, 0.0]

Device/SubDeviceList/RFoot/FSR/TotalWeight/Sensor/Value = [0.0, 1.8451911211013794, 4.2314558029174805, 0.42351067066192627, 0.0, 0.0, 0.0, 0.4704112410545349, 2.0050997734069824, 0.6971114873886108, 0.4447900652885437, 0.8394479155540466, 0.1376185566186905, 0.0, 1.4182963241182733e-05, 0.0, 0.09797777980566025, 1.2793023586273193, 0.4935982823371887, 1.3787662982940674, 3.106194496154785, 0.04985908791422844, 0.001956973457708955, 0.0, 0.0022200329694896936, 0.0, 2.7757651805877686, 1.500776767730713, 3.806938648223877, 4.284621715545654, 1.9471238851547241, 0.0, 0.2016756385564804, 0.03397272154688835, 0.0, 0.1195751428604126, 0.7595386505126953, 0.12956272065639496, 0.0, 2.468602180480957, 0.00217612087726593, 0.0006559276371262968, 0.0, 0.04596002772450447, 0.0, 0.0, 0.0, 0.0009142503258772194, 0.0, 0.0, 0.0028376115951687098, 0.0, 0.0, 0.0, 0.0, 0.0016077145701274276, 0.001173509401269257, 0.0, 0.0, 0.0006129656103439629, 0.0, 0.0, 0.0, 0.0, 0.0, 0.0, 0.0, 0.00022746443573851138, 0.0004842311318498105, 0.0, 0.001173509401269257, 0.0022200329694896936, 0.0018694935133680701, 0.002484070137143135, 0.002263972768560052, 0.00022746443573851138, 0.0, 5.67869319638703e-05, 0.000570031173992902, 0.0, 0.0, 0.0, 0.0012601494090631604, 0.0, 0.0, 0.0014337186003103852, 0.0, 0.0016077145701274276, 0.0, 0.0, 0.0, 0.0004842311318498105, 0.0013034968869760633, 0.0, 0.0007849787943996489, 0.0, 0.0, 0.0, 0.003460491541773081, 0.0, 0.00395367294549942, 0.00022746443573851138, 0.004314457532018423, 0.0, 0.271216481924057]

Device/SubDeviceList/RHipPitch/ElectricCurrent/Sensor/Value = [0.09600000083446503, 0.09600000083446503, 0.03200000151991844, 0.0, 0.1600000113248825, 0.0, 0.6880000233650208, 0.03200000151991844, 0.7200000286102295, 0.0, 0.0, 0.0, 0.0, 0.48000001907348633, 0.20800000429153442, 0.35200002789497375, 0.0, 0.8320000171661377, 0.09600000083446503, 0.25600001215934753, 0.0, 0.0, 0.25600001215934753, 0.0, 0.03200000151991844, 0.0, 0.7040000557899475, 0.01600000075995922, 0.0, 0.0, 0.8960000276565552, 0.06400000303983688, 0.7360000610351562, 0.9440000653266907, 0.01600000075995922, 1.3920000791549683, 0.0, 0.14400000870227814, 0.0, 1.600000023841858, 0.35200002789497375, 0.25600001215934753, 0.4960000216960907, 0.0, 0.0, 0.0, 0.0, 0.0, 0.0, 0.0, 0.0, 0.0, 0.0, 0.0, 0.0, 0.0, 0.0, 0.0, 0.0, 0.0, 0.0, 0.0, 0.0, 0.0, 0.0, 0.0, 0.0, 0.0, 0.0, 0.0, 0.0, 0.0, 0.0, 0.0, 0.0, 0.0, 0.0, 0.0, 0.0, 0.0, 0.0, 0.0, 0.0, 0.0, 0.0, 0.0, 0.0, 0.0, 0.0, 0.0, 0.0, 0.0, 0.0, 0.0, 0.0, 0.0, 0.0, 0.0, 0.0, 0.0, 0.0, 0.0, 0.0, 0.0, 0.0]

Device/SubDeviceList/RFoot/FSR/CenterOfPressure/Y/Sensor/Value = [-0.029899997636675835, -0.029899999499320984, -0.029899997636675835, 0.0, -0.029899999499320984, 0.0, 0.019099999219179153, 0.019094914197921753, -0.020035462453961372, -0.004831063095480204, -0.00963946059346199, -0.029899999499320984, 0.01771477423608303, 0.0, 0.0, 0.0, 0.019099999219179153, -0.02439802885055542, -0.029899999499320984, -0.029899999499320984, -0.029899999499320984, -0.029899999499320984, 0.0, -0.029899999499320984, 0.0, 0.0, -0.029900001361966133, -0.029899997636675835, -0.029899999499320984, -0.029899999499320984, -0.029900001361966133, 0.0, -0.029900001361966133, -0.029899999499320984, 0.0, 0.021974245086312294, 0.01904374361038208, 0.0, -0.029899999499320984, 0.019083241000771523, -0.029899999499320984, -0.029900001361966133, -0.029899999499320984, -0.029899999499320984, -0.029899999499320984, -0.029899999499320984, 0.0, 0.0, -0.029899999499320984, -0.029899999499320984, 0.0, -0.029899999499320984, -0.029899999499320984, 0.0, 0.0, -0.029899999499320984, 0.0, -0.029899999499320984, 0.0, 0.0, 0.0, -0.029899999499320984, -0.029899999499320984, 0.0, -0.029899999499320984, -0.029899999499320984, -0.029899999499320984, 0.0, 0.0, -0.029899999499320984, 0.0, -0.029899999499320984, 0.0, 0.0, 0.0, 0.0, 0.0, -0.029900001361966133, 0.0, 0.0, -0.029899997636675835, 0.0, -0.029899997636675835, -0.029899997636675835, 0.0, 0.0, 0.0, -0.029899999499320984, 0.0, -0.029899999499320984, 0.0, 0.0, 0.0, 0.0, 0.0, 0.0, 0.0, 0.0, -0.029899999499320984, -0.029899999499320984, -0.029899999499320984, -0.029899997636675835, 0.0, -0.029900001361966133, -0.0008206574129872024]

Device/SubDeviceList/LAnklePitch/Position/Sensor/Value = [-0.48938798904418945, -0.25008392333984375, -0.4387660026550293, -0.5676219463348389, -0.6274480819702148, -0.7164199352264404, -0.774712085723877, -0.7762460708618164, -0.9833359718322754, -0.7179539203643799, -0.22400593757629395, -0.3636000156402588, -0.5169999599456787, -0.5415439605712891, -0.6059720516204834, -0.7041480541229248, -0.7793140411376953, -0.9189081192016602, -0.7194879055023193, -0.2945699691772461, -0.4786500930786133, -0.598301887512207, -0.5890979766845703, -0.6642639636993408, -0.7532360553741455, -0.7915859222412109, -0.9910058975219727, -0.7609059810638428, -0.38200807571411133, -0.5123980045318604, -0.6305160522460938, -0.6274480819702148, -0.6243798732757568, -0.7501680850982666, -0.7977218627929688, -1.0078802108764648, -0.714885950088501, -0.25315189361572266, -0.32831788063049316, -0.37126994132995605, -0.3605320453643799, -0.3896780014038086, -0.39121198654174805, -0.41422200202941895, -0.4126880168914795, -0.43723201751708984, -0.44643592834472656, -0.44950389862060547, -0.45410585403442383, -0.4556400775909424, -0.4556400775909424, -0.45717406272888184, -0.4556400775909424, -0.4556400775909424, -0.4556400775909424, -0.45717406272888184, -0.4556400775909424, -0.4556400775909424, -0.4556400775909424, -0.45717406272888184, -0.4556400775909424, -0.4556400775909424, -0.4556400775909424, -0.45717406272888184, -0.45717406272888184, -0.4556400775909424, -0.4556400775909424, -0.4556400775909424, -0.45717406272888184, -0.4556400775909424, -0.45717406272888184, -0.4556400775909424, -0.45717406272888184, -0.45717406272888184, -0.4556400775909424, -0.45717406272888184, -0.45717406272888184, -0.4556400775909424, -0.4556400775909424, -0.4556400775909424, -0.4556400775909424, -0.45717406272888184, -0.4556400775909424, -0.45717406272888184, -0.4556400775909424, -0.4556400775909424, -0.45717406272888184, -0.4556400775909424, -0.4556400775909424, -0.45717406272888184, -0.45717406272888184, -0.4556400775909424, -0.45717406272888184, -0.45717406272888184, -0.4556400775909424, -0.45717406272888184, -0.4556400775909424, -0.4556400775909424, -0.4556400775909424, -0.4556400775909424, -0.4556400775909424, -0.4556400775909424, -0.4556400775909424, -0.45717406272888184, 0.8436579704284668]

Device/SubDeviceList/RAnklePitch/Position/Sensor/Value = [-0.5736739635467529, -0.6611120700836182, -0.7546861171722412, -0.8559300899505615, -0.9326300621032715, -0.4662940502166748, -0.46782803535461426, -0.5813441276550293, -0.5767421722412109, -0.5859460830688477, -0.6503739356994629, -0.7255401611328125, -0.740880012512207, -0.9525721073150635, -0.5322561264038086, -0.2929520606994629, -0.5031099319458008, -0.5614020824432373, -0.6028201580047607, -0.687190055847168, -0.7669579982757568, -0.8436579704284668, -0.9418339729309082, -0.3573801517486572, -0.3911280632019043, -0.5736739635467529, -0.5997519493103027, -0.6519081592559814, -0.7286081314086914, -0.7945699691772461, -0.9218921661376953, -0.8482601642608643, -0.39573001861572266, -0.46782803535461426, -0.6012859344482422, -0.6319661140441895, -0.6396360397338867, -0.6519081592559814, -0.6841220855712891, -0.740880012512207, -0.7516181468963623, -0.6150920391082764, -0.6074221134185791, -0.6120240688323975, -0.5920820236206055, -0.5782761573791504, -0.5736739635467529, -0.5736739635467529, -0.5736739635467529, -0.5736739635467529, -0.5736739635467529, -0.5752079486846924, -0.5752079486846924, -0.5752079486846924, -0.5752079486846924, -0.5736739635467529, -0.5752079486846924, -0.5736739635467529, -0.5752079486846924, -0.5752079486846924, -0.5736739635467529, -0.5752079486846924, -0.5752079486846924, -0.5752079486846924, -0.5752079486846924, -0.5736739635467529, -0.5752079486846924, -0.5736739635467529, -0.5752079486846924, -0.5736739635467529, -0.5736739635467529, -0.5736739635467529, -0.5752079486846924, -0.5736739635467529, -0.5736739635467529, -0.5752079486846924, -0.5752079486846924, -0.5736739635467529, -0.5736739635467529, -0.5736739635467529, -0.5752079486846924, -0.5752079486846924, -0.5736739635467529, -0.5752079486846924, -0.5752079486846924, -0.5752079486846924, -0.5736739635467529, -0.5736739635467529, -0.5736739635467529, -0.5736739635467529, -0.5736739635467529, -0.5736739635467529, -0.5736739635467529, -0.5752079486846924, -0.5736739635467529, -0.5736739635467529, -0.5736739635467529, -0.5752079486846924, -0.5736739635467529, -0.5736739635467529, -0.5752079486846924, -0.5736739635467529, -0.5752079486846924, -0.5752079486846924, 0.84527587890625]

Device/SubDeviceList/LFoot/FSR/CenterOfPressure/Y/Sensor/Value = [0.0, 0.0, 0.0, 0.0, 0.029899999499320984, -0.0023434655740857124, 0.0, 0.008241076022386551, 0.0, 0.0, 0.0, -0.017030423507094383, 0.020502520725131035, 0.029672907665371895, -0.012197529897093773, 0.019152505323290825, 0.029899997636675835, 0.0, 0.0, 0.0, 0.0, 0.029899999499320984, 0.029900001361966133, 0.029899999499320984, 0.029899997636675835, 0.029899999499320984, 0.0, 0.0, 0.0, 0.0, 0.0, -0.022485552355647087, -0.023099999874830246, 0.0, 0.029899997636675835, 0.029899999499320984, 0.0, 0.029899999499320984, 0.029899999499320984, 0.029899999499320984, 0.029899999499320984, 0.029899999499320984, 0.0, 0.00888264924287796, 0.0, 0.0, 0.0, 0.0, 0.0, 0.0, 0.0, 0.0, 0.0, 0.0, 0.0, 0.0, 0.0, 0.0, 0.0, 0.0, 0.0, 0.0, 0.0, 0.0, 0.0, 0.0, 0.0, 0.0, 0.0, 0.0, 0.0, 0.0, 0.0, 0.0, 0.0, 0.0, 0.0, 0.0, 0.0, 0.0, 0.0, 0.0, 0.0, 0.0, 0.0, 0.0, 0.0, 0.0, 0.0, 0.0, 0.0, 0.0, 0.0, 0.0, 0.0, 0.0, 0.0, 0.0, 0.0, 0.0, 0.0, 0.0, 0.0, 0.0, -0.0010014049476012588]

Device/SubDeviceList/LAnkleRoll/ElectricCurrent/Sensor/Value = [0.24000000953674316, 0.0, 0.0, 0.14400000870227814, 0.0, 0.0, 0.01600000075995922, 0.0, 0.0, 0.04800000041723251, 0.0, 0.0, 0.0, 0.06400000303983688, 0.08000000566244125, 0.6240000128746033, 0.12800000607967377, 0.04800000041723251, 0.24000000953674316, 0.01600000075995922, 0.0, 0.0, 0.0, 1.2320001125335693, 0.9440000653266907, 0.01600000075995922, 0.0, 0.14400000870227814, 0.03200000151991844, 0.01600000075995922, 1.0080000162124634, 0.12800000607967377, 0.0, 0.09600000083446503, 0.30400002002716064, 0.3840000033378601, 0.0, 0.0, 0.0, 0.0, 0.3360000252723694, 0.0, 0.0, 0.0, 0.0, 0.0, 0.0, 0.0, 0.0, 0.0, 0.0, 0.0, 0.0, 0.0, 0.0, 0.0, 0.0, 0.0, 0.0, 0.0, 0.0, 0.0, 0.0, 0.0, 0.0, 0.0, 0.0, 0.0, 0.0, 0.0, 0.0, 0.0, 0.0, 0.0, 0.0, 0.0, 0.0, 0.0, 0.0, 0.0, 0.0, 0.0, 0.0, 0.0, 0.0, 0.0, 0.0, 0.0, 0.0, 0.0, 0.0, 0.0, 0.0, 0.0, 0.0, 0.0, 0.0, 0.0, 0.0, 0.0, 0.0, 0.0, 0.0, 0.0, 0.0]

Device/SubDeviceList/RKneePitch/Position/Sensor/Value = [0.848344087600708, 0.84527587890625, 0.7808480262756348, 0.7946538925170898, 1.4818859100341797, 1.1950278282165527, 1.0677061080932617, 1.129065990447998, 0.9971418380737305, 0.8652181625366211, 0.8514120578765869, 0.8099939823150635, 0.6351180076599121, 1.339223861694336, 1.376039981842041, 0.9219760894775391, 1.058502197265625, 1.0063457489013672, 0.8544800281524658, 0.8406739234924316, 0.7854499816894531, 0.658128023147583, 1.4849538803100586, 1.1566781997680664, 0.9910058975219727, 1.0830459594726562, 0.9357819557189941, 0.84527587890625, 0.8376059532165527, 0.771643877029419, 0.8437418937683105, 1.5417118072509766, 1.0876479148864746, 1.0017437934875488, 1.1060562133789062, 0.9879379272460938, 0.8728880882263184, 0.8161299228668213, 0.788517951965332, 0.7808480262756348, 1.5233039855957031, 1.5141000747680664, 1.5386438369750977, 1.4972257614135742, 1.5509161949157715, 1.5478482246398926, 1.6076741218566895, 1.6291499137878418, 1.6322178840637207, 1.6352858543395996, 1.636819839477539, 1.636819839477539, 1.636819839477539, 1.6352858543395996, 1.636819839477539, 1.636819839477539, 1.636819839477539, 1.636819839477539, 1.636819839477539, 1.636819839477539, 1.636819839477539, 1.636819839477539, 1.636819839477539, 1.636819839477539, 1.636819839477539, 1.636819839477539, 1.636819839477539, 1.636819839477539, 1.636819839477539, 1.636819839477539, 1.636819839477539, 1.636819839477539, 1.636819839477539, 1.6352858543395996, 1.636819839477539, 1.6352858543395996, 1.6352858543395996, 1.636819839477539, 1.636819839477539, 1.636819839477539, 1.636819839477539, 1.6352858543395996, 1.636819839477539, 1.636819839477539, 1.636819839477539, 1.636819839477539, 1.6352858543395996, 1.636819839477539, 1.636819839477539, 1.636819839477539, 1.636819839477539, 1.636819839477539, 1.636819839477539, 1.6352858543395996, 1.636819839477539, 1.636819839477539, 1.6352858543395996, 1.636819839477539, 1.636819839477539, 1.636819839477539, 1.636819839477539, 1.6352858543395996, 1.636819839477539, 1.636819839477539, 1.3990497589111328]

Device/SubDeviceList/LAnklePitch/ElectricCurrent/Sensor/Value = [0.0, 0.04800000041723251, 0.14400000870227814, 0.4960000216960907, 1.055999994277954, 0.7520000338554382, 0.0, 1.3920000791549683, 0.4960000216960907, 0.9440000653266907, 0.2240000069141388, 0.06400000303983688, 0.0, 0.30400002002716064, 0.7360000610351562, 0.0, 1.6640000343322754, 0.41600000858306885, 0.0, 0.46400001645088196, 0.0, 1.0080000162124634, 0.41600000858306885, 0.5120000243186951, 0.4960000216960907, 0.20800000429153442, 0.0, 0.0, 0.0, 0.08000000566244125, 1.7600001096725464, 1.808000087738037, 0.0, 1.184000015258789, 1.28000009059906, 1.2960000038146973, 0.0, 1.040000081062317, 1.2960000038146973, 0.4960000216960907, 0.8160000443458557, 0.0, 0.0, 0.0, 0.0, 0.0, 0.0, 0.0, 0.0, 0.0, 0.0, 0.0, 0.0, 0.0, 0.0, 0.0, 0.0, 0.0, 0.0, 0.0, 0.0, 0.0, 0.0, 0.0, 0.0, 0.0, 0.0, 0.0, 0.0, 0.0, 0.0, 0.0, 0.0, 0.0, 0.0, 0.0, 0.0, 0.0, 0.0, 0.0, 0.0, 0.0, 0.0, 0.0, 0.0, 0.0, 0.0, 0.0, 0.0, 0.0, 0.0, 0.0, 0.0, 0.0, 0.0, 0.0, 0.0, 0.0, 0.0, 0.0, 0.0, 0.0, 0.0, 0.0, 0.0]

Device/SubDeviceList/LHipYawPitch/ElectricCurrent/Sensor/Value = [0.0, 0.17600001394748688, 0.1120000034570694, 0.0, 0.0, 0.4320000112056732, 0.4480000138282776, 0.0, 0.08000000566244125, 0.0, 0.1120000034570694, 0.1600000113248825, 0.0, 0.14400000870227814, 0.06400000303983688, 0.14400000870227814, 0.1120000034570694, 0.25600001215934753, 0.0, 0.12800000607967377, 0.09600000083446503, 0.0, 0.17600001394748688, 0.0, 0.19200000166893005, 0.04800000041723251, 0.19200000166893005, 0.4480000138282776, 0.08000000566244125, 0.1120000034570694, 0.0, 0.3840000033378601, 0.0, 0.17600001394748688, 0.0, 0.3360000252723694, 0.0, 0.24000000953674316, 0.0, 0.2720000147819519, 0.0, 1.055999994277954, 0.0, 0.0, 0.0, 0.0, 0.0, 0.0, 0.0, 0.0, 0.0, 0.0, 0.0, 0.0, 0.0, 0.0, 0.0, 0.0, 0.0, 0.0, 0.0, 0.0, 0.0, 0.0, 0.0, 0.0, 0.0, 0.0, 0.0, 0.0, 0.0, 0.0, 0.0, 0.0, 0.0, 0.0, 0.0, 0.0, 0.0, 0.0, 0.0, 0.0, 0.0, 0.0, 0.0, 0.0, 0.0, 0.0, 0.0, 0.0, 0.0, 0.0, 0.0, 0.0, 0.0, 0.0, 0.0, 0.0, 0.0, 0.0, 0.0, 0.0, 0.0, 0.0, 0.0]

Device/SubDeviceList/RKneePitch/ElectricCurrent/Sensor/Value = [0.527999997138977, 0.46400001645088196, 0.14400000870227814, 0.30400002002716064, 0.03200000151991844, 0.0, 0.0, 0.2240000069141388, 0.5440000295639038, 0.7040000557899475, 0.7200000286102295, 0.5440000295639038, 1.3760000467300415, 0.0, 0.04800000041723251, 0.12800000607967377, 0.17600001394748688, 0.4000000059604645, 0.2720000147819519, 0.7520000338554382, 0.5440000295639038, 0.5120000243186951, 0.01600000075995922, 0.03200000151991844, 0.4000000059604645, 0.0, 0.0, 0.2240000069141388, 0.656000018119812, 0.48000001907348633, 0.30400002002716064, 0.8960000276565552, 0.3680000305175781, 0.3680000305175781, 0.0, 0.527999997138977, 0.8320000171661377, 0.3840000033378601, 0.0, 0.5120000243186951, 1.0080000162124634, 0.17600001394748688, 0.527999997138977, 0.0, 0.0, 0.0, 0.0, 0.0, 0.0, 0.0, 0.0, 0.0, 0.0, 0.0, 0.0, 0.0, 0.0, 0.0, 0.0, 0.0, 0.0, 0.0, 0.0, 0.0, 0.0, 0.0, 0.0, 0.0, 0.0, 0.0, 0.0, 0.0, 0.0, 0.0, 0.0, 0.0, 0.0, 0.0, 0.0, 0.0, 0.0, 0.0, 0.0, 0.0, 0.0, 0.0, 0.0, 0.0, 0.0, 0.0, 0.0, 0.0, 0.0, 0.0, 0.0, 0.0, 0.0, 0.0, 0.0, 0.0, 0.0, 0.0, 0.0, 0.0, 0.0]

Device/SubDeviceList/InertialSensor/GyroscopeZ/Sensor/Value = [0.2665824294090271, -0.031691618263721466, -0.30306774377822876, 0.11504855751991272, 0.9057410955429077, 0.35047200322151184, -0.5147890448570251, 0.029827404767274857, -0.07696535438299179, 0.062584288418293, 0.2335592359304428, -0.024501081556081772, -0.20426446199417114, 0.3081277310848236, -0.1185106709599495, -0.46791741251945496, -0.05672533065080643, -0.15126755833625793, -0.621049165725708, -0.09001484513282776, -0.022903185337781906, 0.04767058417201042, 1.2138688564300537, -0.15446335077285767, -0.6282396912574768, -0.05459480360150337, -0.014114754274487495, -0.6940197944641113, -0.18082864582538605, 0.46845003962516785, 0.12357068061828613, 0.968858003616333, 1.4719291925430298, 1.4969629049301147, 0.8990831971168518, -0.10705907642841339, -0.3472762107849121, -0.22530342638492584, -0.5046690106391907, 0.4601942300796509, 0.5808354616165161, 1.3933658599853516, 0.3387540876865387, 1.1930961608886719, -1.5691345930099487, -0.6711165904998779, -0.6301039457321167, 0.08255799859762192, 0.013582121580839157, 0.01091896090656519, 0.003728425595909357, -0.001065264455974102, 0.0002663161139935255, 0.001597896683961153, 0.001597896683961153, 0.0029294772539287806, 0.004793690051883459, 0.001065264455974102, 0.0013315805699676275, 0.0034621094819158316, -0.000532632227987051, 0.00532632227987051, 0.002663161139935255, 0.001065264455974102, -0.002130528911948204, -0.002130528911948204, 0.0023968450259417295, 0.000532632227987051, 0.0002663161139935255, 0.0023968450259417295, -0.002130528911948204, -0.001065264455974102, -0.0013315805699676275, 0.0, 0.0018642127979546785, 0.0, 0.0, -0.002130528911948204, -0.001065264455974102, -0.000532632227987051, 0.0007989483419805765, -0.0007989483419805765, 0.001065264455974102, 0.0002663161139935255, -0.0013315805699676275, 0.001065264455974102, 0.004261057823896408, 0.0, -0.001597896683961153, 0.0, 0.0, 0.002130528911948204, 0.0018642127979546785, -0.001597896683961153, 0.0007989483419805765, -0.000532632227987051, -0.0013315805699676275, 0.0007989483419805765, 0.001597896683961153, -0.003195793367922306, -0.001597896683961153, 0.0029294772539287806, -0.001597896683961153, 0.0002663161139935255, 0.0029294772539287806]

Device/SubDeviceList/InertialSensor/AngleZ/Sensor/Value = [-0.05752428248524666, -0.048895638436079025, -0.04544418305158615, -0.04180097579956055, 0.003451456781476736, 0.0860946774482727, 0.05560680478811264, 0.02665291726589203, 0.028378644958138466, -0.010354370810091496, 0.020325245335698128, 0.028570393100380898, 0.004218447487801313, 0.02569417841732502, 0.06576942652463913, 0.023393208160996437, 0.0009587380336597562, 0.0038349521346390247, -0.0607839897274971, -0.05081311613321304, -0.034514568746089935, -0.054072823375463486, 0.024351945146918297, 0.062126222997903824, 0.016873789951205254, -0.03681553900241852, -0.026269420981407166, -0.10795389860868454, -0.12712866067886353, -0.07784952968358994, -0.07209710031747818, -0.011888351291418076, 0.08475244045257568, 0.19232285022735596, 0.2839781939983368, 0.2937573194503784, 0.20114323496818542, 0.16336895525455475, 0.13920876383781433, 0.1288543939590454, 0.1486043930053711, 0.29950976371765137, 0.35837626457214355, 0.5635461807250977, 0.3033446967601776, 0.2893471419811249, 0.27592480182647705, 0.24927188456058502, 0.25310683250427246, 0.2550243139266968, 0.2555995583534241, 0.2557913064956665, 0.25598305463790894, 0.25617480278015137, 0.25617480278015137, 0.25617480278015137, 0.25655829906463623, 0.2569417953491211, 0.2571335434913635, 0.2571335434913635, 0.25732529163360596, 0.25732529163360596, 0.25732529163360596, 0.2575170397758484, 0.2577087879180908, 0.25732529163360596, 0.25732529163360596, 0.2575170397758484, 0.25732529163360596, 0.2575170397758484, 0.25732529163360596, 0.2571335434913635, 0.25732529163360596, 0.25732529163360596, 0.25732529163360596, 0.25732529163360596, 0.25732529163360596, 0.2571335434913635, 0.25732529163360596, 0.25732529163360596, 0.25732529163360596, 0.25732529163360596, 0.25732529163360596, 0.25732529163360596, 0.2571335434913635, 0.2571335434913635, 0.2571335434913635, 0.2571335434913635, 0.25732529163360596, 0.25732529163360596, 0.25732529163360596, 0.25732529163360596, 0.25732529163360596, 0.25732529163360596, 0.25732529163360596, 0.25732529163360596, 0.25732529163360596, 0.2571335434913635, 0.2569417953491211, 0.2569417953491211, 0.25675004720687866, 0.2569417953491211, 0.2569417953491211, 0.2569417953491211, 0.6977695226669312]

Device/SubDeviceList/InertialSensor/AccelerometerY/Sensor/Value = [2.366279363632202, 1.7723145484924316, 4.809199333190918, 1.8393750190734863, -3.7362306118011475, -1.55197274684906, -0.7089257836341858, -1.3220508098602295, 0.009580078534781933, 2.7686426639556885, 1.542392611503601, 1.580712914466858, 1.4370118379592896, -3.650009870529175, -1.1400293111801147, -2.212998151779175, -2.404599666595459, -1.1591894626617432, 3.0368847846984863, 1.8489551544189453, 1.686093807220459, 0.1245410218834877, -3.2093262672424316, -1.3220508098602295, -5.1828227043151855, -2.9602441787719727, 4.157753944396973, 2.9602441787719727, 3.10394549369812, 3.151845932006836, 2.7399024963378906, -5.039121150970459, -1.1879297494888306, 3.7745509147644043, -1.1591894626617432, -0.4598437547683716, 0.31614258885383606, -1.6765137910842896, -1.829795002937317, -2.7973828315734863, -3.7841310501098633, -0.21076172590255737, 1.5136524438858032, 6.6198344230651855, 0.3448828160762787, -0.1341211050748825, -1.5998730659484863, -1.6477735042572021, -1.2837305068969727, -1.2454102039337158, -1.2454102039337158, -1.2262500524520874, -1.1687695980072021, -1.2262500524520874, -1.2262500524520874, -1.2454102039337158, -1.2454102039337158, -1.2262500524520874, -1.2454102039337158, -1.2358301877975464, -1.2454102039337158, -1.2358301877975464, -1.2454102039337158, -1.2358301877975464, -1.2549903392791748, -1.2358301877975464, -1.207089900970459, -1.2262500524520874, -1.2262500524520874, -1.197509765625, -1.2454102039337158, -1.2454102039337158, -1.2358301877975464, -1.2454102039337158, -1.207089900970459, -1.2262500524520874, -1.2358301877975464, -1.2358301877975464, -1.207089900970459, -1.2454102039337158, -1.2166699171066284, -1.197509765625, -1.2645703554153442, -1.2166699171066284, -1.2454102039337158, -1.2454102039337158, -1.2262500524520874, -1.2358301877975464, -1.2262500524520874, -1.2454102039337158, -1.207089900970459, -1.2262500524520874, -1.2454102039337158, -1.207089900970459, -1.2454102039337158, -1.2262500524520874, -1.2262500524520874, -1.2262500524520874, -1.1879297494888306, -1.2358301877975464, -1.2358301877975464, -1.2358301877975464, -1.2262500524520874, -1.2358301877975464, -0.1149609386920929]

Device/SubDeviceList/RAnkleRoll/Position/Sensor/Value = [-0.23619413375854492, -0.20244598388671875, -0.05824995040893555, 0.07827591896057129, 0.11355805397033691, 0.07980990409851074, 0.033789873123168945, -0.09199810028076172, -0.15642595291137695, -0.1548919677734375, -0.12114405632019043, -0.018366098403930664, 0.11509203910827637, 0.1365680694580078, 0.23014187812805176, 0.18412208557128906, 0.02151799201965332, -0.09046411514282227, -0.13955211639404297, -0.11194014549255371, 0.0031099319458007812, 0.15497589111328125, 0.14423799514770508, 0.2454819679260254, 0.12276196479797363, -0.009161949157714844, -0.1257460117340088, -0.1779019832611084, -0.1349501609802246, 0.0015759468078613281, 0.127363920211792, 0.16724801063537598, 0.08748006820678711, 0.024585962295532227, -0.06592011451721191, -0.08432793617248535, -0.06285214424133301, -0.024502038955688477, 0.10588788986206055, 0.21633601188659668, 0.2316758632659912, 0.29610395431518555, 0.28229808807373047, 0.30223989486694336, 0.30530786514282227, 0.2746279239654541, 0.27616190910339355, 0.27616190910339355, 0.27616190910339355, 0.27616190910339355, 0.27616190910339355, 0.27616190910339355, 0.27616190910339355, 0.27616190910339355, 0.27616190910339355, 0.27616190910339355, 0.27616190910339355, 0.27616190910339355, 0.27616190910339355, 0.27616190910339355, 0.27616190910339355, 0.27616190910339355, 0.27616190910339355, 0.27616190910339355, 0.27616190910339355, 0.27616190910339355, 0.27616190910339355, 0.27616190910339355, 0.27616190910339355, 0.27616190910339355, 0.27616190910339355, 0.27616190910339355, 0.27616190910339355, 0.27616190910339355, 0.27616190910339355, 0.27616190910339355, 0.27616190910339355, 0.27616190910339355, 0.27616190910339355, 0.27616190910339355, 0.27616190910339355, 0.27616190910339355, 0.27616190910339355, 0.27616190910339355, 0.27616190910339355, 0.27616190910339355, 0.27616190910339355, 0.27616190910339355, 0.27616190910339355, 0.27616190910339355, 0.27616190910339355, 0.27616190910339355, 0.27616190910339355, 0.27616190910339355, 0.27616190910339355, 0.27616190910339355, 0.27616190910339355, 0.27616190910339355, 0.27616190910339355, 0.27616190910339355, 0.27616190910339355, 0.27616190910339355, 0.27616190910339355, 0.27616190910339355, 0.019984006881713867]

Device/SubDeviceList/RAnklePitch/ElectricCurrent/Sensor/Value = [0.4480000138282776, 0.1600000113248825, 0.8640000224113464, 0.03200000151991844, 0.19200000166893005, 0.0, 0.06400000303983688, 0.0, 0.5760000348091125, 0.3360000252723694, 0.8160000443458557, 0.35200002789497375, 0.0, 0.0, 0.0, 0.3360000252723694, 0.0, 0.8480000495910645, 0.7520000338554382, 0.8320000171661377, 0.4480000138282776, 0.06400000303983688, 0.0, 0.0, 0.03200000151991844, 0.7360000610351562, 0.784000039100647, 0.7680000066757202, 0.0, 0.4480000138282776, 0.0, 0.0, 1.840000033378601, 0.8320000171661377, 0.0, 1.808000087738037, 0.4480000138282776, 0.01600000075995922, 0.1600000113248825, 0.09600000083446503, 0.0, 0.0, 0.0, 0.0, 0.0, 0.0, 0.0, 0.0, 0.0, 0.0, 0.0, 0.0, 0.0, 0.0, 0.0, 0.0, 0.0, 0.0, 0.0, 0.0, 0.0, 0.0, 0.0, 0.0, 0.0, 0.0, 0.0, 0.0, 0.0, 0.0, 0.0, 0.0, 0.0, 0.0, 0.0, 0.0, 0.0, 0.0, 0.0, 0.0, 0.0, 0.0, 0.0, 0.0, 0.0, 0.0, 0.0, 0.0, 0.0, 0.0, 0.0, 0.0, 0.0, 0.0, 0.0, 0.0, 0.0, 0.0, 0.0, 0.0, 0.0, 0.0, 0.0, 0.0, 0.0]

Device/SubDeviceList/InertialSensor/AccelerometerX/Sensor/Value = [0.7568262219429016, 1.55197274684906, -1.9543360471725464, -0.8334668278694153, 0.5269043445587158, 2.0884571075439453, 1.542392611503601, 1.0346485376358032, 0.09580078721046448, -0.2490820437669754, 2.2513184547424316, -0.29698243737220764, -0.6514453291893005, -0.1149609386920929, 0.5173242688179016, 0.3736230731010437, -1.1687695980072021, -0.8238867521286011, 2.7973828315734863, -0.05748046934604645, -0.5460644960403442, -0.41194337606430054, 0.77598637342453, -0.20118165016174316, 0.06706055253744125, -1.3603711128234863, 3.4967286586761475, 1.7435742616653442, -0.09580078721046448, -1.3795312643051147, -1.302890658378601, 2.845283269882202, 4.205654621124268, 3.621269702911377, 4.416416168212891, 0.77598637342453, 2.2321581840515137, -2.4812402725219727, -0.09580078721046448, -0.8526269793510437, -1.2454102039337158, -3.400927782058716, -2.203418016433716, -4.042793273925781, -9.053174018859863, -4.9433207511901855, -9.225615501403809, -9.43637752532959, -9.503437995910645, -9.580078125, -9.54175853729248, -9.513017654418945, -9.54175853729248, -9.54175853729248, -9.532177925109863, -9.532177925109863, -9.551338195800781, -9.54175853729248, -9.532177925109863, -9.532177925109863, -9.551338195800781, -9.522598266601562, -9.54175853729248, -9.551338195800781, -9.580078125, -9.551338195800781, -9.513017654418945, -9.54175853729248, -9.551338195800781, -9.54175853729248, -9.513017654418945, -9.551338195800781, -9.532177925109863, -9.522598266601562, -9.551338195800781, -9.532177925109863, -9.551338195800781, -9.532177925109863, -9.503437995910645, -9.54175853729248, -9.54175853729248, -9.532177925109863, -9.560918807983398, -9.560918807983398, -9.532177925109863, -9.580078125, -9.513017654418945, -9.522598266601562, -9.532177925109863, -9.551338195800781, -9.513017654418945, -9.551338195800781, -9.580078125, -9.580078125, -9.560918807983398, -9.513017654418945, -9.54175853729248, -9.532177925109863, -9.522598266601562, -9.54175853729248, -9.580078125, -9.54175853729248, -9.54175853729248, -9.54175853729248, -2.912343978881836]

Device/SubDeviceList/InertialSensor/GyroscopeY/Sensor/Value = [-0.046072687953710556, 0.009054748341441154, -0.07430219650268555, 0.28682246804237366, 0.9962885975837708, -0.05060006305575371, -0.3185140788555145, -0.6652576327323914, -0.023435818031430244, -0.009587380103766918, -0.1137169823050499, 0.031691618263721466, -0.23142869770526886, 0.7022755742073059, 0.06631271541118622, -0.45406898856163025, -0.21997711062431335, 0.5640575289726257, 0.3467435836791992, -0.3664509654045105, -0.1576591432094574, 0.4279699921607971, 0.4759069085121155, -0.3635214865207672, -0.5829659700393677, 0.007723167538642883, 0.7699198722839355, -0.2708434760570526, -0.6732471585273743, -0.1065264493227005, 0.4948153495788574, 1.5994945764541626, -0.5755091309547424, 0.2676476836204529, -0.9795106649398804, -0.6548713445663452, -0.43409526348114014, -1.5145397186279297, -0.3526025414466858, -1.3374395370483398, 0.07803062349557877, -1.7254620790481567, -1.5387744903564453, -3.0146985054016113, -6.3569655418396, 0.6215817928314209, 0.9922938346862793, 0.04500742256641388, 0.0018642127979546785, -0.006657903082668781, -0.001065264455974102, -0.002663161139935255, 0.002663161139935255, -0.003195793367922306, 0.0002663161139935255, 0.0023968450259417295, 0.000532632227987051, 0.0018642127979546785, -0.0013315805699676275, 0.001065264455974102, 0.0013315805699676275, -0.004793690051883459, -0.001597896683961153, 0.003994741477072239, 0.004261057823896408, -0.004793690051883459, 0.0, 0.0002663161139935255, -0.003994741477072239, -0.000532632227987051, -0.0029294772539287806, -0.005060005933046341, 0.0007989483419805765, 0.0002663161139935255, 0.00532632227987051, 0.0002663161139935255, -0.0002663161139935255, 0.00532632227987051, -0.003994741477072239, -0.0002663161139935255, 0.006391586735844612, 0.002663161139935255, -0.000532632227987051, 0.001597896683961153, -0.000532632227987051, -0.0023968450259417295, 0.004261057823896408, 0.0013315805699676275, 0.0, -0.001065264455974102, -0.0007989483419805765, -0.001065264455974102, -0.0034621094819158316, -0.0013315805699676275, 0.0029294772539287806, -0.002663161139935255, -0.0013315805699676275, 0.0007989483419805765, 0.002663161139935255, -0.0007989483419805765, -0.003195793367922306, -0.005060005933046341, -0.003728425595909357, 0.006924218963831663, -0.004793690051883459]

Device/SubDeviceList/RHipRoll/Position/Sensor/Value = [0.15497589111328125, 0.14423799514770508, 0.127363920211792, -0.05058002471923828, -0.10733795166015625, -0.11807608604431152, -0.07512402534484863, 0.029187917709350586, 0.1104898452758789, 0.11662602424621582, 0.0844118595123291, 0.07213997840881348, -0.059783935546875, -0.18250393867492676, -0.2929520606994629, -0.20244598388671875, -0.06745409965515137, 0.03072190284729004, 0.056799888610839844, 0.05986785888671875, 0.04606199264526367, -0.10426998138427734, -0.27454400062561035, -0.2929520606994629, -0.19477605819702148, -0.03063797950744629, 0.042994022369384766, 0.07520794868469238, 0.07980990409851074, 0.03992605209350586, -0.11961007118225098, -0.18710613250732422, -0.17023205757141113, -0.04597806930541992, 0.056799888610839844, 0.06447005271911621, 0.07060599327087402, 4.1961669921875e-05, -0.03523993492126465, -0.15642595291137695, -0.27761197090148926, -0.3159620761871338, -0.309826135635376, -0.3819241523742676, -0.4432840347290039, -0.4693620204925537, -0.5184500217437744, -0.5353240966796875, -0.5383920669555664, -0.5383920669555664, -0.5383920669555664, -0.5399260520935059, -0.5383920669555664, -0.5383920669555664, -0.5383920669555664, -0.5383920669555664, -0.5383920669555664, -0.5383920669555664, -0.5383920669555664, -0.5383920669555664, -0.5383920669555664, -0.5383920669555664, -0.5383920669555664, -0.5383920669555664, -0.5383920669555664, -0.5383920669555664, -0.5383920669555664, -0.5383920669555664, -0.5383920669555664, -0.5383920669555664, -0.5383920669555664, -0.5399260520935059, -0.5383920669555664, -0.5383920669555664, -0.5383920669555664, -0.5399260520935059, -0.5399260520935059, -0.5383920669555664, -0.5399260520935059, -0.5383920669555664, -0.5383920669555664, -0.5383920669555664, -0.5399260520935059, -0.5383920669555664, -0.5383920669555664, -0.5383920669555664, -0.5383920669555664, -0.5399260520935059, -0.5399260520935059, -0.5383920669555664, -0.5383920669555664, -0.5383920669555664, -0.5383920669555664, -0.5399260520935059, -0.5383920669555664, -0.5383920669555664, -0.5383920669555664, -0.5383920669555664, -0.5383920669555664, -0.5383920669555664, -0.5383920669555664, -0.5399260520935059, -0.5383920669555664, -0.5383920669555664, -0.26534008979797363]

Device/SubDeviceList/InertialSensor/AccelerometerZ/Sensor/Value = [-12.693604469299316, -6.916816711425781, -11.35239315032959, -9.110654830932617, -4.675078392028809, -7.443720817565918, -11.11289119720459, -10.16446304321289, -9.91538143157959, -11.658955574035645, -9.263936042785645, -12.118799209594727, -9.819580078125, -14.456338882446289, -7.472461223602295, -6.696475028991699, -11.649375915527344, -11.342812538146973, -8.660390853881836, -11.371553421020508, -7.740703582763672, -8.919053077697754, -7.1084184646606445, -8.229287147521973, -7.309599876403809, -9.398056983947754, -13.095967292785645, -9.311836242675781, -9.771679878234863, -9.8100004196167, -8.171807289123535, -15.366445541381836, -7.472461223602295, -9.311836242675781, -16.401094436645508, -6.8593363761901855, -9.551338195800781, -10.758428573608398, -2.39501953125, -6.935976982116699, -9.8100004196167, -7.1084184646606445, 0.5652246475219727, 1.4753321409225464, -0.009580078534781933, 4.435576438903809, 1.0442285537719727, -0.5939648747444153, -0.6418652534484863, -0.5843847990036011, -0.5748047232627869, -0.6514453291893005, -0.6514453291893005, -0.5748047232627869, -0.6322851777076721, -0.6131250262260437, -0.6418652534484863, -0.6131250262260437, -0.5748047232627869, -0.6610254049301147, -0.6610254049301147, -0.5939648747444153, -0.6227051019668579, -0.6227051019668579, -0.670605480670929, -0.5748047232627869, -0.6227051019668579, -0.6131250262260437, -0.6514453291893005, -0.6131250262260437, -0.6993457078933716, -0.6227051019668579, -0.6418652534484863, -0.5843847990036011, -0.5939648747444153, -0.5939648747444153, -0.6131250262260437, -0.6418652534484863, -0.6322851777076721, -0.5843847990036011, -0.5843847990036011, -0.6322851777076721, -0.6131250262260437, -0.670605480670929, -0.6035449504852295, -0.6514453291893005, -0.6610254049301147, -0.6418652534484863, -0.6610254049301147, -0.6131250262260437, -0.6418652534484863, -0.6131250262260437, -0.670605480670929, -0.5939648747444153, -0.6514453291893005, -0.6131250262260437, -0.670605480670929, -0.6131250262260437, -0.6514453291893005, -0.5939648747444153, -0.6131250262260437, -0.6131250262260437, -0.6322851777076721, -0.6514453291893005, -9.3309965133667]

