
Description:
----------

test


Gait parameters:
----------

MaxStepX = 0.00234468086732
TorsoWy = -0.0686248613165
TorsoWx = -0.0395112837883
StepHeight = 0.0132659571503
Stiffness = 0.153191489362
MaxStepTheta = 0.0299097203521
MaxStepY = 0.111168087401
MaxStepFrequency = 0.00425531914894


Stats:
----------

average_speed = 0.00411184195528
final_displacement = 0.061760311164
elapsed_time = 15.020108223


Sensor values:
----------

times = [0.2442920207977295, 0.5840380191802979, 0.7091951370239258, 0.8530831336975098, 0.9660642147064209, 1.134526014328003, 1.2817699909210205, 1.4315431118011475, 1.570824146270752, 1.692519187927246, 1.821601152420044, 1.9598071575164795, 2.0970640182495117, 2.23124098777771, 2.3691060543060303, 2.51682710647583, 2.668030023574829, 2.804394006729126, 2.943808078765869, 3.0726170539855957, 3.1900811195373535, 3.3108789920806885, 3.448432207107544, 3.58909010887146, 3.7316291332244873, 3.875559091567993, 4.0016632080078125, 4.142783164978027, 4.253634214401245, 4.37252402305603, 4.488946199417114, 4.624277114868164, 4.760298013687134, 4.880001068115234, 5.009220123291016, 5.164189100265503, 5.297778129577637, 5.430703163146973, 5.5941832065582275, 5.723844051361084, 5.8615641593933105, 5.999038219451904, 6.125118017196655, 6.255218029022217, 6.398822069168091, 6.535071134567261, 6.654457092285156, 6.776124000549316, 6.910212993621826, 7.071643114089966, 7.191089153289795, 7.338464021682739, 7.464691162109375, 7.5929811000823975, 7.724877119064331, 7.857539176940918, 7.984614133834839, 8.120612144470215, 8.262015104293823, 8.394933223724365, 8.525695085525513, 8.659986019134521, 8.781532049179077, 8.909059047698975, 9.029124021530151, 9.160433053970337, 9.305797100067139, 9.446173191070557, 9.564733028411865, 9.690601110458374, 9.827165126800537, 9.990944147109985, 10.114895105361938, 10.248903036117554, 10.367030143737793, 10.50542402267456, 10.62738299369812, 10.748931169509888, 10.87226915359497, 11.00342321395874, 11.143002033233643, 11.269009113311768, 11.387323141098022, 11.52076005935669, 11.643707990646362, 11.781841039657593, 12.048541069030762, 12.20976710319519, 12.340420007705688, 12.478018045425415, 12.60457706451416, 12.725678205490112, 12.8596031665802, 12.992233991622925, 13.14702820777893, 13.28411602973938, 13.419358015060425, 13.564113140106201, 13.682722091674805, 13.80678105354309, 13.927877187728882, 14.04442310333252, 14.17446517944336, 14.328096151351929, 14.476361989974976, 14.60529899597168, 14.754783153533936, 14.882014036178589, 15.020108222961426]

Device/SubDeviceList/LHipPitch/Position/Sensor/Value = [-0.3589141368865967, -0.3849921226501465, -0.3313021659851074, -0.32976794242858887, -0.2929520606994629, -0.269942045211792, -0.269942045211792, -0.2638061046600342, -0.27454400062561035, -0.38345813751220703, -0.3282339572906494, -0.30062198638916016, -0.29448604583740234, -0.2592041492462158, -0.25153398513793945, -0.25460195541381836, -0.2530679702758789, -0.3251659870147705, -0.3803901672363281, -0.30062198638916016, -0.28835010528564453, -0.27147603034973145, -0.24233007431030273, -0.23466014862060547, -0.2530679702758789, -0.25460195541381836, -0.32363200187683105, -0.39266204833984375, -0.309826135635376, -0.2868161201477051, -0.2822141647338867, -0.24846601486206055, -0.230057954788208, -0.24079608917236328, -0.2592041492462158, -0.2668740749359131, -0.38959407806396484, -0.3128941059112549, -0.2822141647338867, -0.2668740749359131, -0.24846601486206055, -0.2469320297241211, -0.25766992568969727, -0.2561359405517578, -0.3052239418029785, -0.3880600929260254, -0.31136012077331543, -0.2960200309753418, -0.29141807556152344, -0.25460195541381836, -0.2592041492462158, -0.27454400062561035, -0.2592041492462158, -0.3052239418029785, -0.38345813751220703, -0.3128941059112549, -0.30368995666503906, -0.30062198638916016, -0.2530679702758789, -0.25153398513793945, -0.26534008979797363, -0.25460195541381836, -0.289884090423584, -0.3803901672363281, -0.33743810653686523, -0.29755401611328125, -0.28067994117736816, -0.25460195541381836, -0.23772811889648438, -0.25, -0.2607381343841553, -0.30368995666503906, -0.3849921226501465, -0.3190300464630127, -0.2960200309753418, -0.2929520606994629, -0.2607381343841553, -0.24539804458618164, -0.2469320297241211, -0.2607381343841553, -0.25153398513793945, -0.36658406257629395, -0.3512439727783203, -0.29448604583740234, -0.2990880012512207, -0.28067994117736816, -0.24846601486206055, -0.25766992568969727, -0.24846601486206055, -0.3773219585418701, -0.34050607681274414, -0.29448604583740234, -0.2960200309753418, -0.2668740749359131, -0.2469320297241211, -0.2469320297241211, -0.25153398513793945, -0.25, -0.36965203285217285, -0.33437013626098633, -0.2929520606994629, -0.2960200309753418, -0.28067994117736816, -0.23926210403442383, -0.23926210403442383, -0.2592041492462158, -0.2530679702758789, -0.38652610778808594, -0.3313021659851074]

Device/SubDeviceList/LHipYawPitch/Position/Sensor/Value = [4.1961669921875e-05, 0.0031099319458007812, 0.0031099319458007812, 0.0015759468078613281, 4.1961669921875e-05, 0.0015759468078613281, -0.0014920234680175781, 0.0015759468078613281, 4.1961669921875e-05, 0.0015759468078613281, 0.0015759468078613281, 0.0015759468078613281, 0.0031099319458007812, -0.0014920234680175781, 0.0015759468078613281, 4.1961669921875e-05, 0.0015759468078613281, -0.0014920234680175781, 0.0015759468078613281, 4.1961669921875e-05, 0.0015759468078613281, 0.0015759468078613281, 4.1961669921875e-05, 0.0015759468078613281, 4.1961669921875e-05, 0.0015759468078613281, -0.0014920234680175781, 0.0015759468078613281, 4.1961669921875e-05, 4.1961669921875e-05, 0.0015759468078613281, -0.0014920234680175781, 0.0015759468078613281, 4.1961669921875e-05, 0.0031099319458007812, 0.0015759468078613281, 0.0015759468078613281, -0.0014920234680175781, 4.1961669921875e-05, 0.0015759468078613281, -0.0014920234680175781, 4.1961669921875e-05, -0.0014920234680175781, 4.1961669921875e-05, -0.0014920234680175781, 0.0031099319458007812, 0.0015759468078613281, 0.0031099319458007812, 0.0015759468078613281, 4.1961669921875e-05, 0.0015759468078613281, 4.1961669921875e-05, 4.1961669921875e-05, 4.1961669921875e-05, 0.0015759468078613281, 0.0015759468078613281, 0.0015759468078613281, 4.1961669921875e-05, 0.0015759468078613281, 0.0015759468078613281, 4.1961669921875e-05, 0.0031099319458007812, 4.1961669921875e-05, 4.1961669921875e-05, 4.1961669921875e-05, 0.0015759468078613281, 0.0015759468078613281, -0.0030260086059570312, 0.0015759468078613281, -0.0014920234680175781, 4.1961669921875e-05, 4.1961669921875e-05, 0.0015759468078613281, 4.1961669921875e-05, 0.0031099319458007812, 0.0015759468078613281, -0.0014920234680175781, 0.0015759468078613281, -0.0014920234680175781, 4.1961669921875e-05, 0.0015759468078613281, 4.1961669921875e-05, 4.1961669921875e-05, 4.1961669921875e-05, 0.0031099319458007812, -0.0014920234680175781, -0.0014920234680175781, -0.0014920234680175781, 0.0015759468078613281, 4.1961669921875e-05, 4.1961669921875e-05, 4.1961669921875e-05, 0.004643917083740234, -0.0030260086059570312, 0.0015759468078613281, -0.0030260086059570312, -0.0030260086059570312, 4.1961669921875e-05, 4.1961669921875e-05, 4.1961669921875e-05, 0.0015759468078613281, 0.004643917083740234, -0.0014920234680175781, 0.0015759468078613281, -0.0014920234680175781, 4.1961669921875e-05, 0.0015759468078613281, 4.1961669921875e-05, 4.1961669921875e-05]

Device/SubDeviceList/InertialSensor/GyroscopeX/Sensor/Value = [0.3659183382987976, 0.27963191270828247, 0.07510114461183548, -0.39441415667533875, -0.6154565215110779, -1.046355962753296, 0.33023199439048767, 0.920654833316803, 0.4466121196746826, 0.492418497800827, -0.33369410037994385, -0.011451592668890953, -0.15632756054401398, -0.1853560209274292, -0.2852245569229126, 0.3238403797149658, -0.04767058417201042, 0.008522115647792816, 0.1877528578042984, -0.20719394087791443, -0.19947077333927155, 0.2245044857263565, -0.260989785194397, -0.3491404354572296, 0.1600559800863266, 0.2250371128320694, 0.3563309609889984, 0.5984123349189758, 0.004261057823896408, -0.20053602755069733, -0.7302387952804565, -0.10599381476640701, -0.23435817658901215, 0.2087918370962143, 0.2719087600708008, 0.0034621094819158316, 0.5725796222686768, -0.0023968450259417295, -0.49508166313171387, 0.11478224396705627, 0.03328951448202133, -0.16564862430095673, 0.25779399275779724, -0.28202876448631287, 0.051665324717760086, 0.4018710255622864, 0.010386328212916851, 0.026631612330675125, -0.02822950854897499, -0.8181231021881104, -0.5568670034408569, 0.3978762626647949, 1.0926949977874756, 0.37470677495002747, 0.5313006639480591, -0.29028457403182983, 0.14008226990699768, -0.3768373131752014, -0.6628608107566833, -0.23435817658901215, 0.5840312242507935, 0.7792409658432007, 0.1089232936501503, 0.046072687953710556, -0.09693906456232071, -0.1257012039422989, 0.2039981484413147, -0.2111886739730835, -0.30466562509536743, 0.20959077775478363, 0.3976099491119385, 0.07989483326673508, 0.30546459555625916, -0.18429075181484222, -0.1257012039422989, 0.13102753460407257, -0.18508969247341156, -0.20319919288158417, 0.20532973110675812, 0.1768338978290558, -0.0854874700307846, 0.22477079927921295, 0.22636869549751282, -0.21917815506458282, -0.29827404022216797, -0.0740358829498291, 0.16511599719524384, 0.23808661103248596, -0.16112124919891357, 0.2828277051448822, 0.052996907383203506, -0.14966966211795807, -0.3701793849468231, -0.099868543446064, -0.2245044857263565, 0.21411815285682678, 0.2870887815952301, 0.04314320906996727, 0.4772384762763977, 0.2649845480918884, -0.33182987570762634, -0.48895639181137085, -0.18908444046974182, -0.2966761589050293, 0.17843179404735565, -0.0029294772539287806, 0.029561089351773262, 0.8279768228530884, 0.3118561804294586]

Device/SubDeviceList/LKneePitch/ElectricCurrent/Sensor/Value = [0.0, 0.0, 0.09600000083446503, 0.0, 0.9120000600814819, 0.3680000305175781, 0.2720000147819519, 0.25600001215934753, 0.1120000034570694, 0.0, 0.0, 0.0, 1.0880000591278076, 0.9120000600814819, 0.20800000429153442, 0.0, 0.8160000443458557, 0.08000000566244125, 0.0, 0.8320000171661377, 0.2880000174045563, 0.8160000443458557, 0.7360000610351562, 0.0, 0.4320000112056732, 0.6240000128746033, 0.04800000041723251, 0.0, 0.0, 0.0, 1.2000000476837158, 1.0880000591278076, 0.3360000252723694, 0.4960000216960907, 0.7680000066757202, 0.0, 0.0, 0.0, 0.48000001907348633, 1.1040000915527344, 0.7520000338554382, 0.2240000069141388, 0.0, 1.152000069618225, 0.4480000138282776, 0.0, 0.0, 0.320000022649765, 1.568000078201294, 0.7360000610351562, 0.4000000059604645, 0.41600000858306885, 0.1120000034570694, 0.17600001394748688, 0.0, 0.0, 0.25600001215934753, 1.440000057220459, 0.7040000557899475, 0.30400002002716064, 0.4000000059604645, 0.2720000147819519, 0.0, 0.0, 0.0, 0.25600001215934753, 1.2640000581741333, 0.9120000600814819, 0.2720000147819519, 0.0, 0.5600000023841858, 0.06400000303983688, 0.0, 0.0, 0.3360000252723694, 0.7200000286102295, 0.9440000653266907, 0.1600000113248825, 0.0, 0.41600000858306885, 0.0, 0.0, 0.0, 0.20800000429153442, 0.5600000023841858, 0.2880000174045563, 0.0, 0.4960000216960907, 0.0, 0.12800000607967377, 0.0, 0.25600001215934753, 0.6080000400543213, 0.9280000329017639, 0.0, 0.0, 0.8160000443458557, 0.0, 0.48000001907348633, 0.0, 0.14400000870227814, 0.17600001394748688, 0.7520000338554382, 0.527999997138977, 0.0, 0.41600000858306885, 0.01600000075995922, 0.1600000113248825, 0.06400000303983688]

Device/SubDeviceList/LAnkleRoll/Position/Sensor/Value = [-0.30368995666503906, -0.29755401611328125, -0.1548919677734375, 0.0123138427734375, 0.14730596542358398, 0.1534419059753418, 0.11816000938415527, -0.06898808479309082, -0.19631004333496094, -0.2730100154876709, -0.25, -0.1288139820098877, 0.07674193382263184, 0.13810205459594727, 0.12429594993591309, 4.1961669921875e-05, -0.1349501609802246, -0.20551395416259766, -0.2070479393005371, -0.11194014549255371, -0.010695934295654297, 0.14117002487182617, 0.21173405647277832, 0.22093796730041504, 0.1043539047241211, -0.07972598075866699, -0.16716408729553223, -0.18250393867492676, -0.13801813125610352, -0.05518198013305664, 0.1304318904876709, 0.21173405647277832, 0.22707390785217285, 0.16111207008361816, -0.0367741584777832, -0.16716408729553223, -0.18864011764526367, -0.15029001235961914, -0.010695934295654297, 0.127363920211792, 0.14730596542358398, 0.10588788986206055, 0.007711887359619141, -0.12267804145812988, -0.21318411827087402, -0.25460195541381836, -0.23772811889648438, -0.0858621597290039, 0.107421875, 0.15190792083740234, 0.12889790534973145, 0.04606199264526367, -0.12421202659606934, -0.24233007431030273, -0.30368995666503906, -0.2592041492462158, -0.08739614486694336, 0.09208202362060547, 0.13503408432006836, 0.11662602424621582, -0.0014920234680175781, -0.1487560272216797, -0.24846601486206055, -0.26840806007385254, -0.18250393867492676, -0.05058002471923828, 0.107421875, 0.17031598091125488, 0.19179201126098633, 0.12276196479797363, -0.09660005569458008, -0.19170808792114258, -0.22545599937438965, -0.17023205757141113, -0.04444408416748047, 0.10281991958618164, 0.17031598091125488, 0.18105387687683105, 0.12276196479797363, -0.03217196464538574, -0.1579599380493164, -0.2239220142364502, -0.21318411827087402, -0.12727999687194824, 0.04146003723144531, 0.16571402549743652, 0.0813438892364502, -0.04137611389160156, -0.17176604270935059, -0.23312616348266602, -0.2208540439605713, -0.12267804145812988, 0.03992605209350586, 0.1733839511871338, 0.2055978775024414, 0.16264605522155762, -0.01683211326599121, -0.1518239974975586, -0.18864011764526367, -0.22238802909851074, -0.17636799812316895, -0.013764142990112305, 0.15190792083740234, 0.2286078929901123, 0.21020007133483887, 0.029187917709350586, -0.11500811576843262, -0.15949392318725586, -0.1349501609802246]

displacement = [0.0027326539833438103, 0.006458807507192596, 0.007388788693003439, 0.0032062812716862742, 0.004469553360985784, 0.012855306480167611, 0.011609353071826676, 0.00430298520993942, 0.0054779974264162696, 0.00844593393010066, 0.011637813960871851, 0.009812810373828262, 0.0073126842453006295, 0.008952312979700498, 0.014215179344398258, 0.013620206160737542, 0.009438424712204095, 0.008974581610563602, 0.012733796202312922, 0.012225221769019586, 0.012855632468859722, 0.012010794825899411, 0.013080885189238103, 0.017461096201665544, 0.01825225117043592, 0.01428530349106863, 0.013477856056878207, 0.018936686294216944, 0.019629739682889467, 0.017892598792810264, 0.01661907394668755, 0.017709972966928215, 0.021459544840667456, 0.02214987723913055, 0.016761164727961318, 0.02029152825162748, 0.0207151571099425, 0.022581716105418967, 0.021573213280922588, 0.02116640201735601, 0.02272858427141981, 0.024454397714597724, 0.02559763542404491, 0.023457257834374363, 0.022863228936020982, 0.028146112611193815, 0.02820771589939766, 0.0275592101119742, 0.02660551038709664, 0.029099884583093195, 0.03196743010785543, 0.030706988725353265, 0.02796105441750115, 0.028781580209938547, 0.031071561804688754, 0.03234984297462559, 0.033773965286978125, 0.030970085185505834, 0.03292430812429798, 0.03710357756637298, 0.03506748909933706, 0.03280368702949338, 0.0334318922090835, 0.03484665472497634, 0.03438614613455847, 0.03598949678293208, 0.035354332077452165, 0.03594329804421545, 0.038173494600380053, 0.039978556122172874, 0.03682602600176541, 0.037711187387810194, 0.04084178303266486, 0.04138344621622687, 0.041495456411073085, 0.040091841816179405, 0.04022680272263884, 0.042286373189663384, 0.044506751542514884, 0.04109551053435384, 0.04263694252893624, 0.04364772174674966, 0.04606943145020567, 0.0453394777662846, 0.044541394917529537, 0.044875015673714116, 0.048394469240781675, 0.04618538369262278, 0.04735426815766809, 0.048300611009476975, 0.050726629446417947, 0.049753384246096315, 0.04931885476097442, 0.049250043875038924, 0.05159859499049564, 0.05292907486605915, 0.05089207808141669, 0.052172203583863076, 0.05297625643575198, 0.05508426606077539, 0.05520689087980179, 0.053674911738584775, 0.054271774564736586, 0.0577633748983979, 0.0587456396100338, 0.05488087848698048, 0.057898294987209414, 0.05698552010155592, 0.06176031116400355]

position_x = [0.0009186267852783203, 0.0032132863998413086, 0.005744814872741699, 0.0024052858352661133, 0.0036394596099853516, 0.005751848220825195, 0.005784392356872559, 0.004302859306335449, 0.005467891693115234, 0.006576418876647949, 0.007622480392456055, 0.00875556468963623, 0.007310152053833008, 0.008280396461486816, 0.010307073593139648, 0.01162731647491455, 0.009435296058654785, 0.008962750434875488, 0.011562228202819824, 0.010581374168395996, 0.012662172317504883, 0.012003064155578613, 0.012853264808654785, 0.01510763168334961, 0.017132997512817383, 0.014284968376159668, 0.013420701026916504, 0.0173184871673584, 0.017732858657836914, 0.017080187797546387, 0.016614079475402832, 0.017599105834960938, 0.019895195960998535, 0.02147674560546875, 0.016199469566345215, 0.020209193229675293, 0.020046710968017578, 0.020855307579040527, 0.021530628204345703, 0.021096348762512207, 0.022414684295654297, 0.02367997169494629, 0.02514195442199707, 0.023410916328430176, 0.022753477096557617, 0.026840567588806152, 0.026543378829956055, 0.02679598331451416, 0.026570796966552734, 0.0288923978805542, 0.0302121639251709, 0.030204176902770996, 0.02782893180847168, 0.0285947322845459, 0.029928088188171387, 0.03079831600189209, 0.03297758102416992, 0.030928850173950195, 0.03290736675262451, 0.03535735607147217, 0.03482019901275635, 0.03264033794403076, 0.033420443534851074, 0.03403747081756592, 0.0333561897277832, 0.0351332426071167, 0.03521430492401123, 0.03593242168426514, 0.03788554668426514, 0.03980278968811035, 0.03647720813751221, 0.037427663803100586, 0.03987383842468262, 0.03985714912414551, 0.04058492183685303, 0.039919137954711914, 0.040156006813049316, 0.04215383529663086, 0.0443723201751709, 0.04061925411224365, 0.0425715446472168, 0.04280364513397217, 0.044588685035705566, 0.044257402420043945, 0.04441869258880615, 0.044571757316589355, 0.04816615581512451, 0.04585230350494385, 0.04724240303039551, 0.04743015766143799, 0.049078941345214844, 0.048642516136169434, 0.049149274826049805, 0.04915499687194824, 0.05151796340942383, 0.05286455154418945, 0.05039012432098389, 0.05210697650909424, 0.05200314521789551, 0.05345046520233154, 0.05380856990814209, 0.05351519584655762, 0.05383145809173584, 0.05774486064910889, 0.0587083101272583, 0.05414092540740967, 0.057703256607055664, 0.05606281757354736, 0.05975663661956787]

position_y = [0.002573620527982712, 0.005602765828371048, 0.0046466439962387085, -0.0021201036870479584, -0.002594463527202606, -0.01149674504995346, -0.010065678507089615, 3.291666507720947e-05, -0.0003325901925563812, 0.005299482494592667, 0.008794117718935013, 0.004430726170539856, -0.0001924261450767517, -0.0034027844667434692, -0.009789563715457916, -0.007093343883752823, -0.00024300068616867065, 0.00046067312359809875, 0.005335208028554916, 0.006122954189777374, -0.002221863716840744, 0.0004308633506298065, -0.002429638057947159, -0.00875496119260788, -0.006293255835771561, 9.784847497940063e-05, 0.001239914447069168, 0.007659509778022766, 0.008418574929237366, 0.005330316722393036, 0.0004074089229106903, -0.001978538930416107, -0.008043210953474045, -0.005419082939624786, 0.004302769899368286, -0.0018260963261127472, 0.005219876766204834, 0.00865967944264412, -0.0013548359274864197, 0.0017206519842147827, -0.0037643685936927795, -0.006105449050664902, -0.004808437079191208, 0.0014737509191036224, 0.002237524837255478, 0.008472755551338196, 0.009545903652906418, 0.006440911442041397, 0.0013586506247520447, -0.0034688077867031097, -0.010447092354297638, -0.0055341534316539764, 0.0027149803936481476, 0.0032742395997047424, 0.008351735770702362, 0.009898286312818527, 0.007291082292795181, 0.001597624272108078, -0.0010560676455497742, -0.01124868169426918, -0.004157226532697678, 0.003269590437412262, -0.0008748546242713928, 0.007465917617082596, 0.008352942764759064, 0.007803790271282196, 0.003143489360809326, 0.0008841641247272491, -0.0046798549592494965, -0.0037447139620780945, 0.005056627094745636, 0.0046155862510204315, 0.008839018642902374, 0.011135406792163849, 0.008645057678222656, 0.0037172846496105194, 0.002385534346103668, -0.0033453740179538727, -0.003456607460975647, 0.006238363683223724, 0.002360604703426361, 0.008542340248823166, 0.011586271226406097, 0.009846348315477371, 0.0033038780093193054, 0.00520821288228035, -0.004695326089859009, 0.005536779761314392, 0.003253009170293808, 0.009128481149673462, 0.012823745608329773, 0.010454896837472916, 0.004086345434188843, 0.0030582845211029053, -0.0028834789991378784, -0.0026126913726329803, 0.007130146026611328, 0.0026080310344696045, 0.010107256472110748, 0.013316310942173004, 0.012346602976322174, 0.0041376277804374695, 0.00689924880862236, -0.0014623776078224182, -0.0020939186215400696, 0.008981704711914062, 0.00474834069609642, 0.010213226079940796, 0.015603858977556229]

Device/SubDeviceList/LFoot/FSR/TotalWeight/Sensor/Value = [0.022151950746774673, 0.04229399189352989, 0.025814225897192955, 0.03205094486474991, 4.220036506652832, 3.241182565689087, 3.658510446548462, 3.0033717155456543, 0.08017980307340622, 0.028194958344101906, 0.02190178632736206, 0.030638620257377625, 0.5078545808792114, 2.1052498817443848, 1.9939651489257812, 2.3038063049316406, 0.94091796875, 0.01550193689763546, 0.0264305230230093, 0.04038606956601143, 1.0917072296142578, 0.27140387892723083, 1.4338994026184082, 2.4432687759399414, 2.554628610610962, 1.809128999710083, 0.0362267941236496, 0.04254985228180885, 0.04644661769270897, 0.023894041776657104, 1.1931891441345215, 1.6969850063323975, 2.3511085510253906, 2.7200927734375, 1.7550368309020996, 0.26619863510131836, 0.03537081182003021, 0.028889130800962448, 0.9601280689239502, 0.7437218427658081, 1.5060248374938965, 2.49113392829895, 0.21141280233860016, 1.0696797370910645, 0.13173052668571472, 0.03326715528964996, 0.03233623132109642, 0.032901398837566376, 0.35961639881134033, 2.7773590087890625, 3.6359786987304688, 3.336994171142578, 0.5851902961730957, 0.009108195081353188, 0.016943087801337242, 0.056342143565416336, 0.01640196703374386, 0.7994512319564819, 2.8070645332336426, 2.6227669715881348, 1.9641330242156982, 0.3057413101196289, 0.13621722161769867, 0.03806782141327858, 0.048702847212553024, 1.1917457580566406, 0.41499823331832886, 1.8518197536468506, 1.7708245515823364, 2.584604263305664, 1.2395145893096924, 0.12330765277147293, 0.03647950291633606, 0.04598992317914963, 1.073958396911621, 0.667087972164154, 1.88612961769104, 1.650812029838562, 2.526108741760254, 0.7963029742240906, 1.0333980321884155, 0.029765808954834938, 0.03575058653950691, 0.04709918051958084, 0.9200189113616943, 1.671937346458435, 2.5878798961639404, 0.6630245447158813, 1.094467043876648, 0.03575058653950691, 0.03683651611208916, 0.04494316130876541, 0.8022167682647705, 2.3668136596679688, 1.8369327783584595, 2.7239253520965576, 1.572357416152954, 0.9443570971488953, 0.025535758584737778, 0.03612494841217995, 0.05015264451503754, 0.4351087808609009, 1.7304606437683105, 1.6426780223846436, 2.5773844718933105, 3.023634433746338, 0.838720440864563, 0.03104541450738907, 0.04931096360087395]

Device/SubDeviceList/InertialSensor/AngleX/Sensor/Value = [0.013422664254903793, 0.07363145798444748, 0.09491508454084396, 0.13748329877853394, 0.10603683441877365, -0.1564658284187317, -0.22472792863845825, -0.15972548723220825, -0.04525214806199074, 0.06634490936994553, 0.09203880280256271, 0.07976739853620529, 0.06538598984479904, 0.012655433267354965, -0.10277635604143143, -0.09970838576555252, -0.038157764822244644, -0.048895660787820816, 0.025119002908468246, 0.03413122519850731, 0.009395774453878403, 0.020517047494649887, 0.008436854928731918, -0.08724481612443924, -0.09990055114030838, -0.11198026686906815, -0.0830267146229744, 0.07286422699689865, 0.13690775632858276, 0.1390172839164734, 0.06826227158308029, -0.036432091146707535, -0.09587366133928299, -0.08321840316057205, -0.09069664031267166, -0.09299737960100174, 0.00747841177508235, 0.07478158921003342, 0.05733269080519676, 0.021859344094991684, -0.006710831541568041, -0.06787855178117752, -0.06500227004289627, -0.02224237099289894, -0.08091718703508377, 0.01994198188185692, 0.07228916138410568, 0.08954637497663498, 0.10546129196882248, -0.024926964193582535, -0.1608760952949524, -0.19328147172927856, -0.14515286684036255, -0.029912296682596207, 0.0885874554514885, 0.10507791489362717, 0.10910432785749435, 0.10929649323225021, -0.05273038521409035, -0.17774993181228638, -0.16336899995803833, -0.10603649169206619, -0.031254593282938004, 0.03202217444777489, 0.043526824563741684, 0.04199283942580223, 0.02435224875807762, 0.012847121804952621, -0.06250936537981033, -0.07746583968400955, -0.06998760253190994, -0.06212598457932472, 0.022626575082540512, 0.05675762519240379, 0.05522364005446434, 0.027420219033956528, 0.023585017770528793, -0.05483943596482277, -0.08053380995988846, -0.0772741511464119, -0.07056314498186111, -0.012463394552469254, 0.04506080970168114, 0.05062168464064598, 0.027420219033956528, 0.031063254922628403, -0.08245117217302322, -0.05963355675339699, -0.06097537651658058, -0.009395424276590347, 0.04889601096510887, 0.05464809760451317, 0.0381581149995327, 0.03413122519850731, -0.07190496474504471, -0.0816844180226326, -0.08130104094743729, -0.0949147418141365, -0.01610643044114113, 0.08475273102521896, 0.07976739853620529, 0.05963390693068504, 0.06615322083234787, -0.055223289877176285, -0.09146339446306229, -0.1020096018910408, -0.1267450451850891, 1.7484555314695172e-07, 0.1319224238395691]

Device/SubDeviceList/LHipPitch/ElectricCurrent/Sensor/Value = [0.0, 0.0, 0.20800000429153442, 0.48000001907348633, 0.01600000075995922, 0.0, 0.14400000870227814, 0.0, 0.09600000083446503, 0.0, 0.04800000041723251, 0.4960000216960907, 0.1600000113248825, 0.1120000034570694, 0.0, 0.24000000953674316, 0.0, 0.0, 0.20800000429153442, 0.06400000303983688, 0.0, 0.04800000041723251, 0.0, 0.0, 0.09600000083446503, 0.0, 0.0, 0.2240000069141388, 0.0, 0.0, 0.14400000870227814, 0.12800000607967377, 0.0, 0.12800000607967377, 0.0, 0.24000000953674316, 0.0, 0.12800000607967377, 0.320000022649765, 0.0, 0.4480000138282776, 0.0, 0.2240000069141388, 0.0, 0.0, 0.0, 0.04800000041723251, 0.1600000113248825, 0.1600000113248825, 0.0, 0.0, 0.1600000113248825, 0.0, 0.08000000566244125, 0.0, 0.09600000083446503, 0.1600000113248825, 0.04800000041723251, 0.0, 0.0, 0.1600000113248825, 0.0, 0.0, 0.0, 0.08000000566244125, 0.0, 0.14400000870227814, 0.1600000113248825, 0.0, 0.03200000151991844, 0.4960000216960907, 0.0, 0.12800000607967377, 0.03200000151991844, 0.0, 0.03200000151991844, 0.19200000166893005, 0.0, 0.1600000113248825, 0.03200000151991844, 0.06400000303983688, 0.0, 0.0, 0.0, 0.19200000166893005, 0.17600001394748688, 0.2720000147819519, 0.0, 0.7520000338554382, 0.0, 0.0, 0.4960000216960907, 0.4960000216960907, 0.04800000041723251, 0.41600000858306885, 0.17600001394748688, 0.0, 0.1600000113248825, 0.17600001394748688, 0.06400000303983688, 0.0, 0.0, 0.0, 0.0, 0.06400000303983688, 0.1600000113248825, 0.2880000174045563, 0.1120000034570694, 0.1120000034570694]

Device/SubDeviceList/LHipRoll/Position/Sensor/Value = [0.2807638645172119, 0.33905601501464844, 0.25008392333984375, 0.08901405334472656, -0.015298128128051758, -0.0060939788818359375, -0.0367741584777832, 0.015382051467895508, 0.16878199577331543, 0.3114440441131592, 0.2945699691772461, 0.25621986389160156, 0.05526590347290039, -0.013764142990112305, -0.024502038955688477, -0.02603602409362793, 0.11202406883239746, 0.21173405647277832, 0.257753849029541, 0.19485998153686523, 0.10588788986206055, -0.03063797950744629, -0.07819199562072754, -0.11347413063049316, -0.11500811576843262, 0.04606199264526367, 0.16264605522155762, 0.22400593757629395, 0.19179201126098633, 0.1565098762512207, -0.0060939788818359375, -0.07819199562072754, -0.11500811576843262, -0.10273599624633789, -0.015298128128051758, 0.17491793632507324, 0.21786999702453613, 0.2025299072265625, 0.1304318904876709, -0.02603602409362793, -0.05824995040893555, -0.05364799499511719, -0.01683211326599121, 0.11202406883239746, 0.22400593757629395, 0.30223989486694336, 0.2884340286254883, 0.2316758632659912, 0.0015759468078613281, 4.1961669921875e-05, -0.0060939788818359375, -0.007627964019775391, 0.10281991958618164, 0.21326804161071777, 0.3559298515319824, 0.317579984664917, 0.25315189361572266, 0.0031099319458007812, 0.0123138427734375, -0.0030260086059570312, 0.0015759468078613281, 0.1365680694580078, 0.2454819679260254, 0.2945699691772461, 0.25928807258605957, 0.16264605522155762, -0.009161949157714844, -0.042910099029541016, -0.07972598075866699, -0.07665801048278809, 4.1961669921875e-05, 0.18412208557128906, 0.257753849029541, 0.23627805709838867, 0.1534419059753418, 0.004643917083740234, -0.04904603958129883, -0.07819199562072754, -0.06131792068481445, -0.010695934295654297, 0.16418004035949707, 0.23627805709838867, 0.26695799827575684, 0.2055978775024414, 0.06753802299499512, -0.042910099029541016, -0.04444408416748047, 0.01691603660583496, 0.16571402549743652, 0.2546858787536621, 0.27002596855163574, 0.21786999702453613, 0.0813438892364502, -0.03217196464538574, -0.0858621597290039, -0.08739614486694336, -0.0060939788818359375, 0.16264605522155762, 0.21940398216247559, 0.2546858787536621, 0.23934602737426758, 0.13963603973388672, -0.0030260086059570312, -0.08125996589660645, -0.1088719367980957, -0.07819199562072754, 0.10588788986206055, 0.20406389236450195, 0.19485998153686523]

Device/SubDeviceList/RHipPitch/Position/Sensor/Value = [-0.24701595306396484, -0.24088001251220703, -0.277695894241333, -0.28229808807373047, -0.2684919834136963, -0.35439586639404297, -0.23627805709838867, -0.2516179084777832, -0.24701595306396484, -0.2286078929901123, -0.23474407196044922, -0.25008392333984375, -0.23321008682250977, -0.28996801376342773, -0.31911396980285645, -0.23781204223632812, -0.24088001251220703, -0.24088001251220703, -0.24088001251220703, -0.24088001251220703, -0.23321008682250977, -0.21020007133483887, -0.28229808807373047, -0.28229808807373047, -0.2224719524383545, -0.24241399765014648, -0.24088001251220703, -0.22400593757629395, -0.2286078929901123, -0.23474407196044922, -0.21633601188659668, -0.2654240131378174, -0.31297802925109863, -0.23474407196044922, -0.24394798278808594, -0.25008392333984375, -0.23321008682250977, -0.23474407196044922, -0.22707390785217285, -0.20406389236450195, -0.2945699691772461, -0.29917192459106445, -0.24241399765014648, -0.23934602737426758, -0.23781204223632812, -0.2286078929901123, -0.23781204223632812, -0.2485499382019043, -0.22400593757629395, -0.32218194007873535, -0.3206479549407959, -0.24088001251220703, -0.24701595306396484, -0.24241399765014648, -0.23321008682250977, -0.24241399765014648, -0.25621986389160156, -0.23014187812805176, -0.32524991035461426, -0.3145120143890381, -0.24088001251220703, -0.2485499382019043, -0.24701595306396484, -0.2454819679260254, -0.2485499382019043, -0.24088001251220703, -0.21480202674865723, -0.28229808807373047, -0.3206479549407959, -0.2224719524383545, -0.23781204223632812, -0.23781204223632812, -0.2286078929901123, -0.23474407196044922, -0.23474407196044922, -0.2286078929901123, -0.27616190910339355, -0.3329200744628906, -0.23014187812805176, -0.23934602737426758, -0.23474407196044922, -0.23321008682250977, -0.23321008682250977, -0.23627805709838867, -0.23934602737426758, -0.23474407196044922, -0.23781204223632812, -0.23781204223632812, -0.2316758632659912, -0.23321008682250977, -0.23474407196044922, -0.23934602737426758, -0.23781204223632812, -0.27309393882751465, -0.3267838954925537, -0.21940398216247559, -0.2286078929901123, -0.23014187812805176, -0.22707390785217285, -0.2286078929901123, -0.24088001251220703, -0.24241399765014648, -0.257753849029541, -0.33138608932495117, -0.22707390785217285, -0.23627805709838867, -0.24394798278808594, -0.22707390785217285, -0.2286078929901123]

Device/SubDeviceList/RFoot/FSR/CenterOfPressure/X/Sensor/Value = [-0.029752109199762344, -0.029821297153830528, -0.022035086527466774, -0.007593144197016954, -0.029919711872935295, -0.030118484050035477, -0.030249999836087227, -0.030249999836087227, -0.0037321471609175205, -0.02986743301153183, -0.007219403516501188, -0.02404714748263359, -0.03009713813662529, -0.030199982225894928, -0.030200546607375145, -0.030200166627764702, -0.030141405761241913, -0.021281899884343147, 0.01800709031522274, 0.011162315495312214, -0.03012106381356716, -0.02987838350236416, -0.030237674713134766, -0.030202750116586685, -0.030207786709070206, -0.030249999836087227, -0.02805030159652233, 0.013649270869791508, 0.010213246569037437, -0.0016144418623298407, -0.03022010810673237, -0.030249999836087227, -0.03020775504410267, -0.030249999836087227, -0.030246462672948837, -0.029823416844010353, 0.0310637429356575, 0.01659734547138214, -0.030111640691757202, -0.030048513785004616, -0.030249999836087227, -0.03021925501525402, -0.029695045202970505, -0.030236391350626945, -0.029840849339962006, 0.018131641671061516, 0.007731321267783642, -0.007882813923060894, -0.029876897111535072, -0.030201198533177376, -0.030249997973442078, -0.03024871088564396, -0.030052315443754196, -0.0020253255497664213, -0.02969413809478283, 0.008001196198165417, -0.0014833023305982351, -0.029942989349365234, -0.030249999836087227, -0.030157525092363358, -0.030193550512194633, -0.029759056866168976, -0.0199750829488039, 0.01293983869254589, 0.010283920913934708, -0.03009580448269844, -0.029840845614671707, -0.03016284666955471, -0.030249997973442078, -0.030249999836087227, -0.030249999836087227, -0.016753867268562317, 0.008593998849391937, 0.00908652599900961, -0.030061449855566025, -0.030016470700502396, -0.030177729204297066, -0.030250001698732376, -0.030249999836087227, -0.030246591195464134, -0.030072936788201332, 0.0009613047004677355, 0.01752438209950924, -0.029357537627220154, -0.02989523857831955, -0.03016480803489685, -0.030222909525036812, -0.030202606692910194, -0.030086414888501167, 0.010446643456816673, 0.022835077717900276, -0.027735503390431404, -0.02996176667511463, -0.030205128714442253, -0.030142532661557198, -0.03020029515028, -0.030249999836087227, -0.03009827621281147, 0.004351673182100058, -0.007384646218270063, -0.024811549112200737, -0.010565766133368015, -0.030076459050178528, -0.030249999836087227, -0.03020152449607849, -0.030249997973442078, -0.030076153576374054, 0.014495833776891232, 0.01353002991527319]

Device/SubDeviceList/InertialSensor/AngleY/Sensor/Value = [-0.009779628366231918, -0.06442754715681076, -0.08551996201276779, -0.06519477814435959, -0.05599087104201317, -0.01821630820631981, 0.0325968898832798, 0.008819881826639175, -0.02320164069533348, -0.05100506171584129, -0.05292290076613426, -0.045252975076436996, -0.04563635215163231, -0.0381581149995327, -0.015148337930440903, -0.008245643228292465, -0.023585494607686996, -0.04486912116408348, -0.015723880380392075, 0.006135765928775072, -0.005944426637142897, -0.02722853049635887, -0.026269610971212387, -0.013806041330099106, -0.011696990579366684, -0.026653464883565903, -0.03777473792433739, -0.03892534598708153, -0.024927791208028793, -0.02147596701979637, -0.032789405435323715, -0.0368158183991909, -0.02147596701979637, -0.01764124259352684, -0.01821630820631981, -0.03969210013747215, -0.027611907571554184, -0.0009590943809598684, -0.014189895242452621, -0.04160946235060692, -0.028187450021505356, -0.017257865518331528, -0.0003840287681668997, -0.01764124259352684, -0.04486912116408348, -0.03854149207472801, -0.02722853049635887, -0.01879185065627098, -0.05023830756545067, -0.03413122519850731, -0.0046021300368011, 0.025502029806375504, 0.009011570364236832, -0.025502856820821762, -0.04333513602614403, -0.03758304938673973, -0.0279957614839077, -0.044102367013692856, -0.0324055515229702, -0.009204085916280746, 0.0019171873573213816, -0.01764124259352684, -0.045828040689229965, -0.02396887168288231, -0.004794295411556959, -0.0107380710542202, -0.035473521798849106, -0.03777473792433739, -0.024543937295675278, 0.0019171873573213816, -0.0015341599937528372, -0.04160946235060692, -0.029913123697042465, -0.024160560220479965, -0.02607792243361473, -0.04429405555129051, -0.03528183326125145, -0.026269610971212387, 0.0153391994535923, 0.0034511724952608347, -0.039117034524679184, -0.03988378867506981, -0.02147596701979637, -0.005561049561947584, -0.0368158183991909, -0.02895420417189598, 0.008436504751443863, 0.015723053365945816, -0.031638797372579575, -0.032597240060567856, -0.008245643228292465, 0.00038320221938192844, -0.04371898993849754, -0.03854149207472801, -0.006136115174740553, 0.021475140005350113, 0.0024922529701143503, -0.031638797372579575, -0.04065101966261864, -0.03873318061232567, -0.04026716575026512, -0.046403106302022934, -0.05004661902785301, -0.02147596701979637, 0.012079540640115738, 0.007669751066714525, -0.025311168283224106, -0.03393953666090965, -0.020900901407003403]

Device/SubDeviceList/LHipRoll/ElectricCurrent/Sensor/Value = [0.14400000870227814, 0.0, 0.01600000075995922, 0.0, 0.8800000548362732, 0.0, 0.0, 0.2720000147819519, 0.320000022649765, 0.0, 0.0, 0.0, 0.0, 0.25600001215934753, 0.30400002002716064, 0.08000000566244125, 0.0, 0.1600000113248825, 0.0, 0.0, 0.0, 0.0, 0.4480000138282776, 0.527999997138977, 0.320000022649765, 0.20800000429153442, 0.35200002789497375, 0.0, 0.0, 0.0, 0.0, 0.0, 0.2720000147819519, 0.8960000276565552, 0.04800000041723251, 0.01600000075995922, 0.4480000138282776, 0.0, 0.0, 0.0, 0.3680000305175781, 0.800000011920929, 0.4320000112056732, 0.17600001394748688, 0.0, 0.08000000566244125, 0.0, 0.0, 0.0, 0.0, 0.14400000870227814, 0.0, 0.0, 0.4320000112056732, 0.03200000151991844, 0.0, 0.0, 0.0, 0.0, 0.4320000112056732, 0.08000000566244125, 0.0, 0.0, 0.17600001394748688, 0.03200000151991844, 0.0, 0.0, 0.5760000348091125, 0.5920000076293945, 0.9120000600814819, 0.12800000607967377, 0.08000000566244125, 0.01600000075995922, 0.0, 0.04800000041723251, 0.0, 0.0, 0.24000000953674316, 1.040000081062317, 0.09600000083446503, 0.0, 0.08000000566244125, 0.06400000303983688, 0.0, 0.0, 1.040000081062317, 1.0080000162124634, 0.19200000166893005, 0.0, 0.06400000303983688, 0.0, 0.0, 0.17600001394748688, 0.0, 0.30400002002716064, 0.8800000548362732, 0.1600000113248825, 0.0, 0.08000000566244125, 0.12800000607967377, 0.0, 0.0, 0.5600000023841858, 0.0, 0.8960000276565552, 0.06400000303983688, 0.320000022649765, 0.0, 0.0]

Device/SubDeviceList/LKneePitch/Position/Sensor/Value = [1.104438066482544, 1.0584180355072021, 0.9387660026550293, 0.9541060924530029, 0.8896780014038086, 0.8605320453643799, 0.91115403175354, 0.9295620918273926, 0.9617760181427002, 1.1335840225219727, 0.98785400390625, 0.9556400775909424, 0.951038122177124, 0.8758721351623535, 0.8636000156402588, 0.9172899723052979, 0.9280281066894531, 1.06455397605896, 1.1151759624481201, 0.9694461822509766, 0.9617760181427002, 0.9234261512756348, 0.8513281345367432, 0.8605320453643799, 0.9433679580688477, 0.9418339729309082, 1.041543960571289, 1.14125394821167, 0.9663779735565186, 0.951038122177124, 0.9479701519012451, 0.8620660305023193, 0.8482601642608643, 0.9096200466156006, 0.9479701519012451, 0.9755821228027344, 1.1443220376968384, 0.9847860336303711, 0.9617760181427002, 0.9218921661376953, 0.8589980602264404, 0.8651340007781982, 0.914222002029419, 0.9341640472412109, 1.0323400497436523, 1.121312141418457, 0.9541060924530029, 0.9495041370391846, 0.9464361667633057, 0.8666679859161377, 0.8682019710540771, 0.9280281066894531, 0.9218921661376953, 1.004728078842163, 1.1197781562805176, 0.9387660026550293, 0.9495041370391846, 0.951038122177124, 0.8666679859161377, 0.8682019710540771, 0.9280281066894531, 0.9188239574432373, 0.9755821228027344, 1.1335840225219727, 0.9939899444580078, 0.967911958694458, 0.931096076965332, 0.8682019710540771, 0.8513281345367432, 0.9188239574432373, 0.9464361667633057, 1.010864019393921, 1.135118007659912, 0.967911958694458, 0.9648439884185791, 0.9341640472412109, 0.8697359561920166, 0.8482601642608643, 0.9034841060638428, 0.9433679580688477, 0.9326300621032715, 1.1105740070343018, 1.0538160800933838, 0.9602420330047607, 0.9525721073150635, 0.8482601642608643, 0.9050180912017822, 0.9402999877929688, 0.9387660026550293, 1.1320500373840332, 1.0323400497436523, 0.9556400775909424, 0.9541060924530029, 0.8743381500244141, 0.8436579704284668, 0.9080860614776611, 0.9479701519012451, 0.9402999877929688, 1.135118007659912, 1.0338740348815918, 0.9372320175170898, 0.9571740627288818, 0.8896780014038086, 0.8436579704284668, 0.8958139419555664, 0.9571740627288818, 0.9418339729309082, 1.1458560228347778, 0.9985921382904053]

Device/SubDeviceList/RHipRoll/ElectricCurrent/Sensor/Value = [0.04800000041723251, 0.4000000059604645, 0.0, 1.0240000486373901, 0.24000000953674316, 0.0, 0.0, 0.0, 0.35200002789497375, 0.0, 1.184000015258789, 1.0720000267028809, 0.1120000034570694, 0.3680000305175781, 0.0, 0.0, 0.0, 0.9600000381469727, 0.5120000243186951, 1.0720000267028809, 0.01600000075995922, 0.17600001394748688, 0.1600000113248825, 0.0, 0.06400000303983688, 0.0, 0.527999997138977, 0.2880000174045563, 0.8640000224113464, 0.06400000303983688, 0.01600000075995922, 0.17600001394748688, 0.0, 0.09600000083446503, 0.17600001394748688, 0.01600000075995922, 0.0, 0.8960000276565552, 0.0, 0.0, 0.25600001215934753, 0.24000000953674316, 0.0, 0.01600000075995922, 0.9600000381469727, 0.0, 0.9120000600814819, 0.9440000653266907, 0.12800000607967377, 0.0, 0.0, 0.0, 0.0, 1.040000081062317, 0.0, 1.28000009059906, 0.6880000233650208, 0.4000000059604645, 0.0, 0.03200000151991844, 0.0, 0.0, 0.9600000381469727, 0.1120000034570694, 1.055999994277954, 0.06400000303983688, 0.320000022649765, 0.4000000059604645, 0.14400000870227814, 0.0, 0.0, 1.0880000591278076, 0.0, 0.9920000433921814, 0.656000018119812, 0.08000000566244125, 0.08000000566244125, 0.0, 0.0, 0.17600001394748688, 0.0, 0.3680000305175781, 0.7040000557899475, 0.0, 0.3840000033378601, 0.04800000041723251, 0.0, 0.03200000151991844, 0.01600000075995922, 0.3680000305175781, 0.784000039100647, 0.0, 0.6720000505447388, 0.20800000429153442, 0.0, 0.24000000953674316, 0.04800000041723251, 0.12800000607967377, 0.1600000113248825, 0.0, 0.0, 0.656000018119812, 0.09600000083446503, 0.0, 0.0, 0.01600000075995922, 0.01600000075995922, 0.0, 0.64000004529953]

Device/SubDeviceList/LFoot/FSR/CenterOfPressure/X/Sensor/Value = [-0.029650000855326653, -0.029649998992681503, -0.029663406312465668, -0.029652446508407593, -0.0021282192319631577, 0.003592370543628931, 0.007588832639157772, 0.002227476565167308, -0.02967602200806141, -0.02976517751812935, -0.029714064672589302, -0.02966153621673584, -0.029912665486335754, -0.009742088615894318, 0.03094387613236904, 0.023906882852315903, -0.029836688190698624, -0.02971203438937664, -0.02967916429042816, -0.029690368101000786, -0.029974019154906273, -0.02965344302356243, -0.0143621526658535, 0.022745851427316666, 0.014577127061784267, -0.00242984457872808, -0.0296524316072464, -0.029650000855326653, -0.029669251292943954, -0.029650000855326653, -0.030038446187973022, -0.015202871523797512, 0.029047302901744843, 0.02252330631017685, -0.017691491171717644, -0.029659897089004517, -0.029650000855326653, -0.029650000855326653, -0.029904577881097794, -0.02982684224843979, -0.01816270500421524, 0.03348872438073158, -0.029650000855326653, -0.030039317905902863, -0.029675792902708054, -0.029679054394364357, -0.029650000855326653, -0.029661264270544052, -0.029894649982452393, 0.0010463990038260818, 0.012261698953807354, 0.004278154112398624, -0.02993207611143589, -0.029650000855326653, -0.029650000855326653, -0.029650000855326653, -0.029650000855326653, -0.026512857526540756, 0.002694908296689391, 0.007489785552024841, 0.010546794161200523, -0.029683368280529976, -0.02965221181511879, -0.0296845231205225, -0.029705021530389786, -0.029956117272377014, -0.029671519994735718, -0.023312143981456757, 0.030656637623906136, 0.03393924608826637, -0.02870943956077099, -0.029650000855326653, -0.029673418030142784, -0.029650002717971802, -0.029852889478206635, -0.02975589968264103, -0.017675230279564857, 0.0338079072535038, 0.03601483628153801, -0.02985558472573757, -0.029787514358758926, -0.029650000855326653, -0.02969326823949814, -0.0297072883695364, -0.029712582007050514, -0.030001433566212654, 0.03796163201332092, -0.029805123805999756, -0.029787326231598854, -0.02965993992984295, -0.029684772714972496, -0.029650000855326653, -0.029649998992681503, -0.02099490910768509, 0.040198370814323425, 0.039948709309101105, -0.021087653934955597, -0.029703406617045403, -0.029663322493433952, -0.02969464473426342, -0.029650000855326653, -0.029651081189513206, -0.03000510111451149, 0.030503422021865845, 0.021602923050522804, -0.004418352618813515, -0.02992313541471958, -0.029681537300348282, -0.029664499685168266]

Device/SubDeviceList/RAnkleRoll/ElectricCurrent/Sensor/Value = [0.0, 0.6880000233650208, 0.4960000216960907, 0.17600001394748688, 0.1120000034570694, 0.04800000041723251, 0.0, 0.0, 0.0, 0.0, 0.14400000870227814, 0.0, 0.0, 0.0, 0.0, 0.08000000566244125, 0.01600000075995922, 0.09600000083446503, 0.03200000151991844, 0.0, 0.03200000151991844, 0.17600001394748688, 0.08000000566244125, 0.0, 0.03200000151991844, 0.04800000041723251, 0.46400001645088196, 0.64000004529953, 0.35200002789497375, 0.35200002789497375, 0.0, 0.06400000303983688, 0.0, 0.06400000303983688, 0.1120000034570694, 0.0, 0.3360000252723694, 0.0, 0.2880000174045563, 0.0, 0.46400001645088196, 0.06400000303983688, 0.0, 0.1120000034570694, 0.0, 0.4960000216960907, 0.35200002789497375, 0.3360000252723694, 0.06400000303983688, 0.0, 0.03200000151991844, 0.08000000566244125, 0.0, 0.0, 0.08000000566244125, 0.64000004529953, 0.4320000112056732, 0.04800000041723251, 0.0, 0.0, 0.03200000151991844, 0.0, 0.0, 0.0, 0.03200000151991844, 0.5440000295639038, 0.06400000303983688, 0.1600000113248825, 0.0, 0.1600000113248825, 0.30400002002716064, 0.0, 0.0, 0.0, 0.0, 0.0, 0.20800000429153442, 0.0, 0.08000000566244125, 0.1120000034570694, 0.03200000151991844, 0.0, 0.1600000113248825, 0.0, 0.0, 0.0, 0.09600000083446503, 0.0, 0.0, 0.03200000151991844, 0.0, 0.12800000607967377, 0.08000000566244125, 0.0, 0.04800000041723251, 0.17600001394748688, 0.0, 0.0, 0.5920000076293945, 0.0, 0.30400002002716064, 0.24000000953674316, 0.06400000303983688, 0.08000000566244125, 0.0, 0.0, 0.03200000151991844, 0.1600000113248825, 0.5600000023841858]

Device/SubDeviceList/RFoot/FSR/TotalWeight/Sensor/Value = [2.1479313373565674, 2.1078569889068604, 2.9796037673950195, 3.1953234672546387, 0.011434069834649563, 0.037214428186416626, 0.02725660800933838, 0.215264230966568, 3.712333917617798, 1.211328148841858, 2.2783944606781006, 1.240411639213562, 0.5359426736831665, 0.03827314451336861, 0.023061571642756462, 0.045744433999061584, 0.5668722987174988, 2.125051975250244, 1.4996185302734375, 1.6595206260681152, 0.317507266998291, 1.159174919128418, 0.022945387288928032, 0.03486907109618187, 0.012495924718677998, 0.19558990001678467, 2.467103958129883, 2.3462321758270264, 3.376354694366455, 2.352768659591675, 0.3275303244590759, 0.033500488847494125, 0.015956291928887367, 0.03237862139940262, 0.3539379835128784, 1.4479334354400635, 1.9656115770339966, 1.9123027324676514, 0.3018443286418915, 0.5903670191764832, 0.03550313785672188, 0.03158723562955856, 0.5029879212379456, 0.3102235198020935, 2.228146553039551, 0.9334610104560852, 2.2508275508880615, 3.2738523483276367, 1.1284255981445312, 0.017435917630791664, 0.030965102836489677, 0.036406222730875015, 0.46848976612091064, 3.7942662239074707, 1.2170777320861816, 3.8026280403137207, 4.009411334991455, 0.2844406068325043, 0.03379436209797859, 0.04342198744416237, 0.023225899785757065, 1.202592134475708, 2.5192904472351074, 1.6469066143035889, 1.7666549682617188, 0.34349068999290466, 0.9598217606544495, 0.03727877885103226, 0.04766305163502693, 0.041403405368328094, 0.2930346429347992, 2.251011371612549, 1.436258316040039, 1.5448477268218994, 0.6119234561920166, 0.6392810940742493, 0.04255538806319237, 0.05222680792212486, 0.04564782232046127, 0.2642902135848999, 0.6523421406745911, 1.76255202293396, 1.4031407833099365, 1.4735746383666992, 0.7537502646446228, 0.1555967628955841, 0.031862206757068634, 0.4773176908493042, 0.5438590049743652, 1.8364707231521606, 1.725584864616394, 1.2068136930465698, 0.825175404548645, 0.06598763912916183, 0.029415523633360863, 0.02722708135843277, 0.1752566695213318, 0.4850000739097595, 2.1161816120147705, 1.1097912788391113, 1.355985403060913, 1.727259635925293, 0.094784215092659, 0.00839975569397211, 0.03812727332115173, 0.10467401146888733, 0.42545196413993835, 2.4085278511047363, 3.4116997718811035]

Device/SubDeviceList/RHipPitch/ElectricCurrent/Sensor/Value = [0.0, 0.6080000400543213, 0.2720000147819519, 0.0, 0.08000000566244125, 0.41600000858306885, 0.0, 0.0, 0.0, 0.17600001394748688, 0.08000000566244125, 0.2240000069141388, 0.0, 0.09600000083446503, 0.0, 0.4480000138282776, 0.0, 0.0, 0.0, 0.0, 0.0, 0.0, 0.1120000034570694, 0.0, 0.14400000870227814, 0.0, 0.0, 0.4320000112056732, 0.2240000069141388, 0.2240000069141388, 0.0, 0.0, 0.08000000566244125, 0.0, 0.0, 0.17600001394748688, 0.0, 0.0, 0.0, 0.12800000607967377, 0.06400000303983688, 0.0, 0.0, 0.0, 0.04800000041723251, 0.41600000858306885, 0.1600000113248825, 0.25600001215934753, 0.09600000083446503, 0.09600000083446503, 0.01600000075995922, 0.17600001394748688, 0.01600000075995922, 0.0, 0.09600000083446503, 0.19200000166893005, 0.19200000166893005, 0.0, 0.01600000075995922, 0.0, 0.30400002002716064, 0.0, 0.0, 0.0, 0.1600000113248825, 0.17600001394748688, 0.0, 0.01600000075995922, 0.01600000075995922, 0.0, 0.2240000069141388, 0.0, 0.0, 0.1120000034570694, 0.35200002789497375, 0.3360000252723694, 0.0, 0.3680000305175781, 0.0, 0.1120000034570694, 0.0, 0.0, 0.4320000112056732, 0.20800000429153442, 0.0, 0.0, 0.0, 0.20800000429153442, 0.0, 0.0, 0.14400000870227814, 0.2240000069141388, 0.0, 0.01600000075995922, 0.03200000151991844, 0.0, 0.17600001394748688, 0.04800000041723251, 0.0, 0.14400000870227814, 0.12800000607967377, 0.19200000166893005, 0.0, 0.0, 0.0, 0.08000000566244125, 0.0, 0.0, 0.08000000566244125]

Device/SubDeviceList/RFoot/FSR/CenterOfPressure/Y/Sensor/Value = [-0.021561071276664734, -0.019198888912796974, -0.029899999499320984, -0.029899999499320984, -0.007873566821217537, 0.008359719067811966, 0.01525998767465353, 0.019099999219179153, -0.029899997636675835, -0.01214313693344593, -0.02783312276005745, -0.02338576689362526, 0.006616260390728712, 0.008877194486558437, 0.019099999219179153, 0.015030143782496452, 0.012878866866230965, -0.013523990288376808, 0.005309244152158499, 0.006747899577021599, 0.008570309728384018, -0.011248755268752575, 0.013864738866686821, 0.015241033397614956, 0.01565222255885601, 0.019085412845015526, -0.028045445680618286, -0.029899999499320984, -0.029899999499320984, -0.029900001361966133, 0.01681375689804554, 0.019100001081824303, 0.015650063753128052, 0.019099997356534004, 0.019099999219179153, -0.015737801790237427, -0.016077369451522827, -0.01253102533519268, 0.007800615392625332, 0.0026453775353729725, 0.019099999219179153, 0.01658903807401657, -0.02622138522565365, 0.017988773062825203, -0.017673833295702934, -0.007982528768479824, -0.029667114838957787, -0.029899997636675835, -0.002160660456866026, 0.01511455699801445, 0.01716618612408638, 0.018994789570569992, -0.004384880419820547, -0.029899999499320984, -0.02629563957452774, -0.029900001361966133, -0.029899999499320984, -0.005972503684461117, 0.003710324876010418, 0.011547885835170746, 0.01448993943631649, -0.020993879064917564, -0.02551669254899025, 0.0017121466808021069, 0.0004405406361911446, 0.007596699055284262, -0.004940443206578493, 0.011982317082583904, 0.019099999219179153, 0.019099999219179153, 0.019099999219179153, -0.022056832909584045, -0.0037391691002994776, -0.007213654927909374, 0.0037017930299043655, 2.8419244699762203e-05, 0.013198000378906727, 0.019099999219179153, 0.019099999219179153, 0.018821705132722855, 0.0029554790817201138, -0.020361825823783875, -0.005520756356418133, 0.0007646225276403129, -0.009872294962406158, 0.012142704799771309, 0.01688765361905098, 0.015229540877044201, 0.0039590573869645596, -0.014646576717495918, -0.010697418823838234, -0.0020395403262227774, -0.004439203068614006, 0.015435471199452877, 0.01032369676977396, 0.01504071056842804, 0.019099999219179153, 0.0017094601644203067, -0.02280060201883316, -0.020096730440855026, -0.016103247180581093, -0.028749385848641396, 0.004927559290081263, -0.001189448987133801, 0.015141153708100319, 0.019099999219179153, 0.004902631975710392, -0.029899997636675835, -0.029899999499320984]

Device/SubDeviceList/LAnklePitch/Position/Sensor/Value = [-0.6765360832214355, -0.6121079921722412, -0.5415439605712891, -0.5476799011230469, -0.5354080200195312, -0.5384759902954102, -0.5860300064086914, -0.5906319618225098, -0.6213119029998779, -0.6918759346008301, -0.5829620361328125, -0.5752918720245361, -0.5768260955810547, -0.5522818565368652, -0.5568840503692627, -0.5860300064086914, -0.5890979766845703, -0.678070068359375, -0.678070068359375, -0.5921659469604492, -0.5875639915466309, -0.5737578868865967, -0.5492138862609863, -0.5660879611968994, -0.6090400218963623, -0.6075060367584229, -0.6842060089111328, -0.6995458602905273, -0.5921659469604492, -0.5860300064086914, -0.5752918720245361, -0.5492138862609863, -0.5538160800933838, -0.5890979766845703, -0.6059720516204834, -0.6351180076599121, -0.7072160243988037, -0.598301887512207, -0.5921659469604492, -0.5737578868865967, -0.5522818565368652, -0.5630199909210205, -0.584496021270752, -0.5906319618225098, -0.6596620082855225, -0.6811380386352539, -0.5676219463348389, -0.5752918720245361, -0.561486005783081, -0.544611930847168, -0.5538160800933838, -0.5890979766845703, -0.581428050994873, -0.6489238739013672, -0.6750020980834961, -0.56455397605896, -0.5768260955810547, -0.5691559314727783, -0.5461459159851074, -0.5553500652313232, -0.5860300064086914, -0.5783600807189941, -0.6274480819702148, -0.6934099197387695, -0.6029040813446045, -0.581428050994873, -0.5706899166107178, -0.5538160800933838, -0.5584180355072021, -0.5967679023742676, -0.598301887512207, -0.6565940380096436, -0.6964778900146484, -0.5890979766845703, -0.5752918720245361, -0.5676219463348389, -0.5507478713989258, -0.5553500652313232, -0.5890979766845703, -0.598301887512207, -0.6029040813446045, -0.6980118751525879, -0.6366519927978516, -0.5737578868865967, -0.5676219463348389, -0.5522818565368652, -0.5890979766845703, -0.5967679023742676, -0.6136419773101807, -0.7010800838470459, -0.618243932723999, -0.5737578868865967, -0.5676219463348389, -0.5522818565368652, -0.5599520206451416, -0.604438066482544, -0.6121079921722412, -0.6320500373840332, -0.7102839946746826, -0.6197779178619385, -0.5676219463348389, -0.5737578868865967, -0.5492138862609863, -0.5492138862609863, -0.5890979766845703, -0.6136419773101807, -0.6151759624481201, -0.7118179798126221, -0.6090400218963623]

Device/SubDeviceList/RAnklePitch/Position/Sensor/Value = [-0.4893040657043457, -0.4831681251525879, -0.49697399139404297, -0.5215179920196533, -0.5583341121673584, -0.590548038482666, -0.5015759468078613, -0.5445280075073242, -0.5307221412658691, -0.5230519771575928, -0.5307221412658691, -0.550663948059082, -0.5383920669555664, -0.6074221134185791, -0.5767421722412109, -0.533790111541748, -0.5307221412658691, -0.5383920669555664, -0.5460619926452637, -0.5521979331970215, -0.5552661418914795, -0.5383920669555664, -0.6196939945220947, -0.5491299629211426, -0.5399260520935059, -0.5475959777832031, -0.5491299629211426, -0.5521979331970215, -0.5552661418914795, -0.5583341121673584, -0.533790111541748, -0.6012859344482422, -0.5982179641723633, -0.516916036605835, -0.5429940223693848, -0.5460619926452637, -0.55373215675354, -0.5583341121673584, -0.5583341121673584, -0.5445280075073242, -0.6212279796600342, -0.5552661418914795, -0.536858081817627, -0.5261199474334717, -0.5322561264038086, -0.5353240966796875, -0.5353240966796875, -0.5460619926452637, -0.5276541709899902, -0.610490083694458, -0.5383920669555664, -0.5092461109161377, -0.5399260520935059, -0.5215179920196533, -0.5184500217437744, -0.5307221412658691, -0.5475959777832031, -0.5215179920196533, -0.6181600093841553, -0.5460619926452637, -0.516916036605835, -0.5291881561279297, -0.5276541709899902, -0.533790111541748, -0.5475959777832031, -0.55373215675354, -0.5399260520935059, -0.6028201580047607, -0.5890140533447266, -0.5276541709899902, -0.5445280075073242, -0.5414600372314453, -0.5414600372314453, -0.5475959777832031, -0.5491299629211426, -0.536858081817627, -0.5966839790344238, -0.6074221134185791, -0.5215179920196533, -0.5429940223693848, -0.5383920669555664, -0.5383920669555664, -0.5399260520935059, -0.5475959777832031, -0.5475959777832031, -0.6166260242462158, -0.5291881561279297, -0.5414600372314453, -0.5383920669555664, -0.5383920669555664, -0.5399260520935059, -0.5460619926452637, -0.5460619926452637, -0.5859460830688477, -0.5982179641723633, -0.5261199474334717, -0.5552661418914795, -0.55373215675354, -0.5475959777832031, -0.5414600372314453, -0.5445280075073242, -0.550663948059082, -0.5629360675811768, -0.5966839790344238, -0.5077121257781982, -0.5399260520935059, -0.550663948059082, -0.5521979331970215, -0.5521979331970215]

Device/SubDeviceList/LFoot/FSR/CenterOfPressure/Y/Sensor/Value = [-0.019099999219179153, -0.019099999219179153, -0.018005305901169777, -0.01890023797750473, 0.029899997636675835, 0.029899999499320984, 0.029899999499320984, 0.029899997636675835, -0.016975047066807747, -0.009693937376141548, -0.013868183828890324, -0.018157759681344032, 0.0023510174360126257, 0.02885347791016102, 0.00449573015794158, -0.007361594587564468, -0.0038538232911378145, -0.019099999219179153, -0.016718246042728424, -0.015803201124072075, 0.005743142683058977, -0.018818628042936325, 0.024027787148952484, 0.01912594772875309, 0.023387156426906586, 0.029738500714302063, -0.017161663621664047, -0.019099999219179153, -0.017527682706713676, -0.019099999219179153, 0.017123637720942497, 0.029404334723949432, -0.0016108599957078695, 0.008250389248132706, 0.022935356944799423, -0.01706482656300068, -0.019099999219179153, -0.019099999219179153, 0.001690709963440895, -0.0046579549089074135, 0.016054438427090645, -0.00661854725331068, -0.019099999219179153, 0.01269418466836214, -0.016993653029203415, -0.016727367416024208, -0.019099999219179153, -0.01818017289042473, 0.008698459714651108, 0.029899999499320984, 0.029899999499320984, 0.029899997636675835, 0.003936078865081072, -0.019099999219179153, -0.019099999219179153, -0.019099999219179153, -0.011996924877166748, 0.02987680397927761, 0.029899999499320984, 0.029900001361966133, 0.021208498626947403, -0.017815647646784782, -0.019099999219179153, -0.01628044992685318, -0.015600993297994137, 0.0063268267549574375, -0.01666790433228016, 0.01876797154545784, -0.00027712955488823354, 0.0011583295417949557, 0.012618807144463062, -0.019099999219179153, -0.017187533900141716, -0.019099999219179153, -0.0025307442992925644, -0.00757294986397028, 0.018180901184678078, -0.0014028382720425725, 0.0009605397353880107, -0.002310748677700758, -0.00786962453275919, -0.019099999219179153, -0.015566482208669186, -0.014421527273952961, -0.013340629637241364, 0.009600579738616943, 0.0008514375076629221, -0.005687893833965063, -0.007885139435529709, -0.018288347870111465, -0.01626027375459671, -0.019099999219179153, -0.018994396552443504, 0.01598924584686756, -0.00199702987447381, 0.000500820460729301, 0.017657827585935593, -0.014738701283931732, -0.01801198534667492, -0.015454142354428768, -0.014950201846659184, -0.01901169866323471, 0.011960914358496666, -0.0014079365646466613, 0.018926553428173065, 0.029900001361966133, -0.002975793555378914, -0.019099999219179153, -0.017916159704327583]

Device/SubDeviceList/LAnkleRoll/ElectricCurrent/Sensor/Value = [0.0, 0.0, 0.0, 0.03200000151991844, 0.1600000113248825, 0.784000039100647, 0.5920000076293945, 0.0, 0.03200000151991844, 0.4000000059604645, 0.08000000566244125, 0.0, 0.0, 0.0, 0.1600000113248825, 0.0, 0.08000000566244125, 0.06400000303983688, 0.0, 0.0, 0.03200000151991844, 0.06400000303983688, 0.0, 0.1120000034570694, 0.06400000303983688, 0.03200000151991844, 0.0, 0.09600000083446503, 0.0, 0.0, 0.0, 0.0, 0.0, 0.1120000034570694, 0.0, 0.0, 0.24000000953674316, 0.0, 0.0, 0.0, 0.0, 0.0, 0.0, 0.01600000075995922, 0.0, 0.0, 0.1600000113248825, 0.0, 0.0, 0.3680000305175781, 0.48000001907348633, 0.03200000151991844, 0.0, 0.0, 0.0, 0.19200000166893005, 0.08000000566244125, 0.0, 0.1120000034570694, 0.3680000305175781, 0.0, 0.0, 0.04800000041723251, 0.04800000041723251, 0.0, 0.03200000151991844, 0.0, 0.0, 0.25600001215934753, 0.06400000303983688, 0.03200000151991844, 0.0, 0.04800000041723251, 0.01600000075995922, 0.14400000870227814, 0.04800000041723251, 0.0, 0.0, 0.0, 0.0, 0.0, 0.0, 0.0, 0.0, 0.01600000075995922, 0.08000000566244125, 0.04800000041723251, 0.0, 0.0, 0.2240000069141388, 0.0, 0.17600001394748688, 0.0, 0.0, 0.09600000083446503, 0.0, 0.0, 0.0, 0.0, 0.4000000059604645, 0.0, 0.03200000151991844, 0.0, 0.2880000174045563, 0.4480000138282776, 0.24000000953674316, 0.01600000075995922, 0.0, 0.0]

Device/SubDeviceList/RKneePitch/Position/Sensor/Value = [0.8422079086303711, 0.848344087600708, 0.8820919990539551, 0.885159969329834, 0.8866939544677734, 1.0048117637634277, 0.7915859222412109, 0.8682861328125, 0.8621501922607422, 0.8360719680786133, 0.8498780727386475, 0.8805580139160156, 0.8406739234924316, 0.9480538368225098, 0.9526557922363281, 0.8468098640441895, 0.8560140132904053, 0.8468098640441895, 0.8422079086303711, 0.8590822219848633, 0.8667521476745605, 0.8253340721130371, 0.9741320610046387, 0.8928298950195312, 0.8238000869750977, 0.8667521476745605, 0.8590822219848633, 0.8514120578765869, 0.8575479984283447, 0.8667521476745605, 0.828402042388916, 0.9357819557189941, 0.9818019866943359, 0.8023240566253662, 0.8667521476745605, 0.8652181625366211, 0.8468098640441895, 0.8514120578765869, 0.8621501922607422, 0.8207318782806396, 0.9864039421081543, 0.9265780448913574, 0.8514120578765869, 0.8437418937683105, 0.84527587890625, 0.8360719680786133, 0.848344087600708, 0.885159969329834, 0.8330039978027344, 0.9940738677978516, 0.9143061637878418, 0.808459997177124, 0.8606162071228027, 0.8437418937683105, 0.8299360275268555, 0.8529460430145264, 0.8897619247436523, 0.8238000869750977, 1.0017437934875488, 0.9235100746154785, 0.8161299228668213, 0.8606162071228027, 0.8391399383544922, 0.8345379829406738, 0.8544800281524658, 0.8713541030883789, 0.8268680572509766, 0.941917896270752, 0.9756660461425781, 0.7977218627929688, 0.8636841773986816, 0.8544800281524658, 0.8422079086303711, 0.8560140132904053, 0.8682861328125, 0.8314700126647949, 0.9327139854431152, 0.995607852935791, 0.8023240566253662, 0.8621501922607422, 0.8575479984283447, 0.84527587890625, 0.8437418937683105, 0.8667521476745605, 0.8590822219848633, 0.8636841773986816, 0.8023240566253662, 0.8590822219848633, 0.8529460430145264, 0.8391399383544922, 0.8437418937683105, 0.8698201179504395, 0.8636841773986816, 0.8974318504333496, 0.978734016418457, 0.7977218627929688, 0.8575479984283447, 0.8606162071228027, 0.8498780727386475, 0.848344087600708, 0.8636841773986816, 0.8759560585021973, 0.8805580139160156, 0.9925398826599121, 0.7961878776550293, 0.848344087600708, 0.8698201179504395, 0.8544800281524658, 0.8560140132904053]

Device/SubDeviceList/LAnklePitch/ElectricCurrent/Sensor/Value = [0.04800000041723251, 0.0, 0.0, 0.0, 0.6240000128746033, 0.3680000305175781, 0.3360000252723694, 0.06400000303983688, 0.0, 0.0, 0.0, 0.17600001394748688, 0.46400001645088196, 0.8960000276565552, 0.320000022649765, 0.0, 0.09600000083446503, 0.0, 0.01600000075995922, 0.08000000566244125, 0.2240000069141388, 0.527999997138977, 0.656000018119812, 0.30400002002716064, 0.19200000166893005, 0.25600001215934753, 0.0, 0.0, 0.1120000034570694, 0.0, 0.24000000953674316, 0.784000039100647, 0.2720000147819519, 0.3360000252723694, 0.24000000953674316, 0.0, 0.0, 0.0, 0.08000000566244125, 0.46400001645088196, 0.64000004529953, 0.4480000138282776, 0.0, 0.3360000252723694, 0.01600000075995922, 0.0, 0.14400000870227814, 0.12800000607967377, 0.4320000112056732, 0.9440000653266907, 0.30400002002716064, 0.25600001215934753, 0.0, 0.0, 0.03200000151991844, 0.24000000953674316, 0.0, 0.5600000023841858, 0.7680000066757202, 0.35200002789497375, 0.20800000429153442, 0.0, 0.0, 0.3840000033378601, 0.0, 0.0, 0.2720000147819519, 0.784000039100647, 0.48000001907348633, 0.1600000113248825, 0.09600000083446503, 0.04800000041723251, 0.0, 0.03200000151991844, 0.0, 0.04800000041723251, 0.7040000557899475, 0.41600000858306885, 0.48000001907348633, 0.46400001645088196, 0.0, 0.09600000083446503, 0.0, 0.14400000870227814, 0.0, 0.5920000076293945, 0.4960000216960907, 0.2240000069141388, 0.0, 0.0, 0.0, 0.2880000174045563, 0.09600000083446503, 0.9120000600814819, 0.4480000138282776, 0.3840000033378601, 0.20800000429153442, 0.0, 0.0, 0.0, 0.06400000303983688, 0.0, 0.6720000505447388, 0.5600000023841858, 0.2880000174045563, 0.25600001215934753, 0.0, 0.0, 0.0]

Device/SubDeviceList/LHipYawPitch/ElectricCurrent/Sensor/Value = [0.0, 0.0, 0.0, 0.0, 0.0, 0.0, 0.0, 0.0, 0.0, 0.0, 0.0, 0.0, 0.06400000303983688, 0.0, 0.0, 0.0, 0.0, 0.0, 0.0, 0.0, 0.0, 0.0, 0.0, 0.0, 0.0, 0.0, 0.0, 0.0, 0.0, 0.0, 0.0, 0.0, 0.0, 0.0, 0.0, 0.04800000041723251, 0.0, 0.0, 0.0, 0.0, 0.0, 0.0, 0.0, 0.0, 0.2240000069141388, 0.0, 0.0, 0.1120000034570694, 0.0, 0.0, 0.08000000566244125, 0.0, 0.0, 0.0, 0.0, 0.0, 0.0, 0.0, 0.0, 0.0, 0.0, 0.0, 0.0, 0.0, 0.4480000138282776, 0.01600000075995922, 0.03200000151991844, 0.0, 0.0, 0.0, 0.0, 0.0, 0.0, 0.0, 0.0, 0.3360000252723694, 0.0, 0.0, 0.0, 0.0, 0.0, 0.0, 0.0, 0.0, 0.06400000303983688, 0.0, 0.0, 0.0, 0.0, 0.4480000138282776, 0.0, 0.0, 0.06400000303983688, 0.0, 0.0, 0.0, 0.0, 0.0, 0.0, 0.0, 0.0, 0.12800000607967377, 0.0, 0.0, 0.0, 0.0, 0.03200000151991844, 0.0, 0.0]

Device/SubDeviceList/RKneePitch/ElectricCurrent/Sensor/Value = [1.2640000581741333, 0.4000000059604645, 0.30400002002716064, 1.055999994277954, 0.0, 0.0, 0.0, 0.25600001215934753, 1.055999994277954, 0.9280000329017639, 0.3680000305175781, 0.2720000147819519, 0.4000000059604645, 0.12800000607967377, 0.01600000075995922, 0.0, 0.64000004529953, 0.8960000276565552, 0.20800000429153442, 0.30400002002716064, 0.527999997138977, 0.3360000252723694, 0.0, 0.0, 0.0, 0.30400002002716064, 1.0880000591278076, 0.48000001907348633, 0.2720000147819519, 0.24000000953674316, 0.01600000075995922, 0.01600000075995922, 0.0, 0.0, 0.17600001394748688, 1.1200000047683716, 0.5120000243186951, 0.527999997138977, 0.25600001215934753, 0.24000000953674316, 0.1120000034570694, 0.0, 0.3840000033378601, 0.4960000216960907, 0.8480000495910645, 0.320000022649765, 0.5440000295639038, 0.4320000112056732, 0.01600000075995922, 0.20800000429153442, 0.0, 0.19200000166893005, 0.5120000243186951, 0.9920000433921814, 0.5440000295639038, 0.0, 0.25600001215934753, 0.0, 0.1120000034570694, 0.01600000075995922, 0.06400000303983688, 0.7200000286102295, 0.7680000066757202, 0.5760000348091125, 0.5760000348091125, 0.25600001215934753, 0.0, 0.08000000566244125, 0.0, 0.0, 0.19200000166893005, 0.8640000224113464, 0.4480000138282776, 0.24000000953674316, 0.3680000305175781, 0.2880000174045563, 0.24000000953674316, 0.0, 0.5120000243186951, 0.2720000147819519, 0.8480000495910645, 0.7680000066757202, 0.19200000166893005, 0.0, 0.656000018119812, 0.09600000083446503, 0.0, 0.2880000174045563, 0.9920000433921814, 0.6720000505447388, 0.0, 0.30400002002716064, 0.7360000610351562, 0.01600000075995922, 0.01600000075995922, 0.0, 0.2240000069141388, 0.800000011920929, 0.8160000443458557, 0.6080000400543213, 0.3840000033378601, 0.9120000600814819, 0.0, 0.0, 0.48000001907348633, 0.0, 0.8160000443458557, 0.7360000610351562, 0.19200000166893005]

Device/SubDeviceList/InertialSensor/GyroscopeZ/Sensor/Value = [-0.04021373391151428, 0.0721716657280922, -0.06072007492184639, -0.20266656577587128, 0.1414138525724411, -0.03701794147491455, 0.006391586735844612, -0.0029294772539287806, -0.11158645153045654, 0.21624869108200073, 0.026631612330675125, -0.03701794147491455, -0.009054748341441154, 0.1347559541463852, -0.21704763174057007, 0.0439421571791172, 0.018908444792032242, 0.03568635880947113, 0.213052898645401, -0.10572749376296997, 0.06151902303099632, -0.11904330551624298, 0.15233281254768372, -0.12250541150569916, 0.09933590888977051, -0.013315806165337563, -0.10120012611150742, 0.15606124699115753, -0.04234426096081734, -0.04713795334100723, 0.19414444267749786, 0.07803062349557877, -0.13875070214271545, 0.006924218963831663, 0.09773801267147064, 0.053529538214206696, -0.09321063756942749, -0.034088462591171265, -0.008522115647792816, -0.051665324717760086, 0.14194649457931519, -0.11158645153045654, 0.0740358829498291, 0.011984225362539291, 0.06657902896404266, 0.21438446640968323, -0.034088462591171265, -0.013848437927663326, -0.11318434774875641, 0.11717908829450607, -0.16378441452980042, 0.10306433588266373, 0.004793690051883459, 0.060986388474702835, 0.14833807945251465, 0.057257965207099915, -0.06604639440774918, -0.012783173471689224, 0.10519486665725708, -0.07616640627384186, 0.0721716657280922, -0.15153387188911438, 0.059122178703546524, 0.05459480360150337, -0.05965480953454971, 0.03542004153132439, -0.11345066130161285, 0.10759171098470688, -0.2575276792049408, 0.029028456658124924, 0.006657903082668781, 0.03941478580236435, 0.08681905269622803, -0.034621093422174454, 0.02130528911948204, -0.0721716657280922, 0.0721716657280922, -0.27590349316596985, 0.06072007492184639, 0.10626012831926346, 0.09773801267147064, -0.09321063756942749, 0.0764327272772789, 0.015446335077285767, 0.13635385036468506, -0.04554005712270737, 0.06950850784778595, -0.02636529505252838, 0.11691277474164963, -0.10306433588266373, 0.0463390052318573, 0.00532632227987051, 0.21145498752593994, -0.1323591023683548, -0.21518342196941376, 0.1581917703151703, 0.014647386036813259, 0.06444849818944931, -0.06125270575284958, 0.06072007492184639, 0.08761800080537796, 0.11531487852334976, -0.15206649899482727, -0.19574233889579773, 0.08202536404132843, 0.10519486665725708, 0.02503371424973011, -0.0764327272772789, 0.006391586735844612]

Device/SubDeviceList/InertialSensor/AngleZ/Sensor/Value = [-1.095645785331726, -1.0971797704696655, -1.0841408967971802, -1.1144371032714844, -1.1115608215332031, -1.0977550745010376, -1.0983302593231201, -1.0964127779006958, -1.109835147857666, -1.0989055633544922, -1.0895098447799683, -1.0864418745040894, -1.0910438299179077, -1.092961311340332, -1.0967962741851807, -1.0958375930786133, -1.0944952964782715, -1.082798719406128, -1.0764710903167725, -1.0795390605926514, -1.0760875940322876, -1.082415223121643, -1.0837574005126953, -1.0937283039093018, -1.090276837348938, -1.0860583782196045, -1.087592363357544, -1.0826069116592407, -1.0801142454147339, -1.0870171785354614, -1.080306053161621, -1.071869134902954, -1.085099697113037, -1.0900851488113403, -1.0843327045440674, -1.0841408967971802, -1.0918108224868774, -1.074361801147461, -1.0841408967971802, -1.085483193397522, -1.085483193397522, -1.0952622890472412, -1.0927696228027344, -1.0937283039093018, -1.0789637565612793, -1.0820317268371582, -1.0697598457336426, -1.078005075454712, -1.0866336822509766, -1.0862501859664917, -1.1033157110214233, -1.0916191339492798, -1.0877841711044312, -1.0927696228027344, -1.0847162008285522, -1.0787720680236816, -1.0781967639923096, -1.0944952964782715, -1.0808812379837036, -1.0925778150558472, -1.0895098447799683, -1.0944952964782715, -1.096029281616211, -1.0914273262023926, -1.0870171785354614, -1.0866336822509766, -1.0891263484954834, -1.093536615371704, -1.1006312370300293, -1.1090681552886963, -1.099289059638977, -1.0920026302337646, -1.0950706005096436, -1.085099697113037, -1.0889346599578857, -1.0887428522109985, -1.0925778150558472, -1.0975632667541504, -1.1073423624038696, -1.0981385707855225, -1.0918108224868774, -1.0923861265182495, -1.0812647342681885, -1.0862501859664917, -1.079730749130249, -1.0900851488113403, -1.1004395484924316, -1.091235637664795, -1.0822235345840454, -1.0839492082595825, -1.0726361274719238, -1.0766627788543701, -1.0689928531646729, -1.080306053161621, -1.074937105178833, -1.0858666896820068, -1.0764710903167725, -1.0645827054977417, -1.065541386604309, -1.0572962760925293, -1.0601725578308105, -1.0538448095321655, -1.0647743940353394, -1.0601725578308105, -1.0818400382995605, -1.0676506757736206, -1.0645827054977417, -1.071293830871582, -1.061131238937378]

Device/SubDeviceList/InertialSensor/AccelerometerY/Sensor/Value = [2.653681755065918, 0.8717871308326721, 1.7627344131469727, 3.142265796661377, -2.165097713470459, -2.4716603755950928, -1.8010547161102295, -4.119433879852295, 1.4370118379592896, 2.0501368045806885, 1.8489551544189453, 1.0250684022903442, 0.8622070550918579, -3.7266504764556885, -1.6286133527755737, -2.5578808784484863, 0.21076172590255737, -0.03832031413912773, 0.05748046934604645, 0.6993457078933716, -2.2513184547424316, 0.8813672065734863, -2.7973828315734863, -1.2933106422424316, -2.136357545852661, -1.111289143562317, 3.640429735183716, 1.4178515672683716, 2.433339834213257, 1.0825488567352295, -0.5748047232627869, -2.644101619720459, -0.9867480993270874, -1.7627344131469727, -2.5770411491394043, -1.101709008216858, 2.5387208461761475, 1.3795312643051147, -0.18202149868011475, 0.31614258885383606, -1.4274317026138306, -1.6190332174301147, -1.781894564628601, -0.2586621344089508, -1.4178515672683716, 2.0118165016174316, 1.207089900970459, 0.8717871308326721, 1.7627344131469727, -2.0980372428894043, -3.410507917404175, -3.094365358352661, -3.4488282203674316, 0.6322851777076721, 2.0309765338897705, 1.456171989440918, 0.19160157442092896, -0.2586621344089508, -2.2896387577056885, -2.9794044494628906, -3.161425828933716, 0.8717871308326721, 0.6227051019668579, 1.6573536396026611, 0.8143066763877869, 0.2586621344089508, 1.4753321409225464, -3.084785223007202, -0.9388477206230164, -1.2262500524520874, -2.222578287124634, 1.2549903392791748, 1.820214867591858, 0.9867480993270874, -0.019160157069563866, 1.0154882669448853, -3.381767749786377, -0.910107433795929, -1.4753321409225464, -1.0921289920806885, -0.6801855564117432, 0.32572266459465027, 1.0538086891174316, 1.5615527629852295, -0.8622070550918579, -0.09580078721046448, -1.4849121570587158, -0.6801855564117432, -1.3986914157867432, 0.06706055253744125, 1.0825488567352295, 1.5328125953674316, -0.16286133229732513, -0.8334668278694153, -0.9867480993270874, -1.9064356088638306, -1.1687695980072021, -1.6477735042572021, 0.28740236163139343, 1.9064356088638306, 0.8526269793510437, 1.8872754573822021, 0.5460644960403442, -2.7686426639556885, -1.9064356088638306, -1.8010547161102295, -2.0118165016174316, 1.7531543970108032, 2.212998151779175]

Device/SubDeviceList/RAnkleRoll/Position/Sensor/Value = [-0.2791459560394287, -0.2929520606994629, -0.18557214736938477, -0.0060939788818359375, 0.12122797966003418, 0.14117002487182617, 0.11509203910827637, -0.06745409965515137, -0.18710613250732422, -0.25766992568969727, -0.24539804458618164, -0.12114405632019043, 0.08594608306884766, 0.13963603973388672, 0.14117002487182617, 0.04146003723144531, -0.09660005569458008, -0.17636799812316895, -0.16869807243347168, -0.10273599624633789, -0.0060939788818359375, 0.13810205459594727, 0.21020007133483887, 0.2224719524383545, 0.12276196479797363, -0.05364799499511719, -0.17330002784729004, -0.18710613250732422, -0.14108610153198242, -0.05058002471923828, 0.11509203910827637, 0.21480202674865723, 0.23474407196044922, 0.17184996604919434, 0.007711887359619141, -0.14262008666992188, -0.1779019832611084, -0.13648414611816406, 4.1961669921875e-05, 0.1304318904876709, 0.17031598091125488, 0.14883995056152344, 0.0353238582611084, -0.1058039665222168, -0.21625208854675293, -0.2622721195220947, -0.2530679702758789, -0.11961007118225098, 0.07674193382263184, 0.12122797966003418, 0.11202406883239746, 0.03685808181762695, -0.12267804145812988, -0.24539804458618164, -0.3021559715270996, -0.26840806007385254, -0.13341593742370605, 0.07213997840881348, 0.12276196479797363, 0.12122797966003418, 0.05526590347290039, -0.1349501609802246, -0.21625208854675293, -0.22852396965026855, -0.17176604270935059, -0.04597806930541992, 0.11355805397033691, 0.16878199577331543, 0.19332599639892578, 0.14577198028564453, -0.05518198013305664, -0.16102814674377441, -0.1978440284729004, -0.1579599380493164, -0.024502038955688477, 0.11355805397033691, 0.17491793632507324, 0.1963939666748047, 0.14423799514770508, -0.009161949157714844, -0.14108610153198242, -0.2009119987487793, -0.19631004333496094, -0.1088719367980957, 0.04606199264526367, 0.18412208557128906, 0.11202406883239746, -0.029103994369506836, -0.16563010215759277, -0.21471810340881348, -0.21011614799499512, -0.1349501609802246, 0.042994022369384766, 0.16111207008361816, 0.1994619369506836, 0.15804386138916016, -0.010695934295654297, -0.13801813125610352, -0.2009119987487793, -0.230057954788208, -0.1840381622314453, -0.022968053817749023, 0.13196587562561035, 0.2055978775024414, 0.18412208557128906, 0.02611994743347168, -0.11654210090637207, -0.1779019832611084, -0.15335798263549805]

Device/SubDeviceList/RAnklePitch/ElectricCurrent/Sensor/Value = [0.2720000147819519, 0.0, 0.0, 0.2720000147819519, 0.01600000075995922, 0.01600000075995922, 0.09600000083446503, 0.24000000953674316, 0.2880000174045563, 0.5920000076293945, 0.320000022649765, 0.6080000400543213, 0.0, 0.4480000138282776, 0.0, 0.0, 0.14400000870227814, 0.3360000252723694, 0.320000022649765, 0.4000000059604645, 0.20800000429153442, 0.0, 0.0, 0.0, 0.12800000607967377, 0.17600001394748688, 0.6240000128746033, 0.5920000076293945, 0.24000000953674316, 0.24000000953674316, 0.06400000303983688, 0.06400000303983688, 0.0, 0.04800000041723251, 0.0, 0.46400001645088196, 0.5600000023841858, 0.3840000033378601, 0.2240000069141388, 0.0, 0.0, 0.03200000151991844, 0.0, 0.4320000112056732, 0.5440000295639038, 0.7680000066757202, 0.24000000953674316, 0.0, 0.04800000041723251, 0.0, 0.0, 0.17600001394748688, 0.3680000305175781, 0.3840000033378601, 0.64000004529953, 0.24000000953674316, 0.09600000083446503, 0.04800000041723251, 0.0, 0.09600000083446503, 0.0, 0.20800000429153442, 0.5600000023841858, 0.35200002789497375, 0.30400002002716064, 0.1600000113248825, 0.0, 0.0, 0.0, 0.0, 0.2720000147819519, 0.5120000243186951, 0.6240000128746033, 0.320000022649765, 0.3680000305175781, 0.0, 0.0, 0.0, 0.0, 0.08000000566244125, 0.4480000138282776, 0.7680000066757202, 0.24000000953674316, 0.20800000429153442, 0.5120000243186951, 0.0, 0.20800000429153442, 0.08000000566244125, 0.46400001645088196, 0.8480000495910645, 0.3680000305175781, 0.0, 0.48000001907348633, 0.0, 0.0, 0.0, 0.1120000034570694, 0.7040000557899475, 0.6240000128746033, 0.8320000171661377, 0.35200002789497375, 0.4320000112056732, 0.04800000041723251, 0.01600000075995922, 0.0, 0.0, 0.3360000252723694, 0.7520000338554382, 0.3360000252723694]

Device/SubDeviceList/InertialSensor/AccelerometerX/Sensor/Value = [-0.8526269793510437, -0.5173242688179016, -0.3640429973602295, -0.7568262219429016, -0.32572266459465027, 1.4849121570587158, 0.53648442029953, 0.9388477206230164, -0.3448828160762787, -0.7089257836341858, -0.5843847990036011, 0.29698243737220764, 0.10538086295127869, -1.341210961341858, 0.08622070401906967, 0.4694238603115082, -0.7472461462020874, -0.19160157442092896, 0.1245410218834877, 0.41194337606430054, 0.0, -0.3544628918170929, 0.08622070401906967, 0.05748046934604645, -0.3448828160762787, -0.8717871308326721, -1.0154882669448853, 0.7855664491653442, -0.7568262219429016, 0.019160157069563866, -0.8238867521286011, 0.670605480670929, -0.5269043445587158, 0.5939648747444153, -1.0346485376358032, -0.6801855564117432, -0.20118165016174316, 0.6897656321525574, -1.5136524438858032, -0.5748047232627869, -0.6035449504852295, -0.32572266459465027, 0.9196875095367432, 0.42152345180511475, -0.4981640875339508, -0.3736230731010437, -0.29698243737220764, 0.77598637342453, -0.9196875095367432, -0.5939648747444153, 0.6227051019668579, 0.43110352754592896, 1.0154882669448853, -0.6514453291893005, -0.9867480993270874, -0.4790039360523224, 0.40236330032348633, -0.53648442029953, -0.019160157069563866, 0.5173242688179016, -0.29698243737220764, -0.6514453291893005, -0.6035449504852295, 0.009580078534781933, 0.42152345180511475, 0.29698243737220764, -0.42152345180511475, 0.17244140803813934, 0.6227051019668579, -0.3927832245826721, 0.8334668278694153, -0.9292676448822021, -0.1245410218834877, 0.03832031413912773, -0.028740234673023224, -0.268242210149765, -0.6801855564117432, 0.5652246475219727, 0.04790039360523224, -0.3736230731010437, -0.9867480993270874, -0.019160157069563866, 0.3832031488418579, 0.7855664491653442, -0.728085994720459, -0.1149609386920929, 0.3832031488418579, -0.09580078721046448, -1.0154882669448853, -0.4885840117931366, 0.6514453291893005, 0.41194337606430054, -0.8430469036102295, -0.3640429973602295, 0.2490820437669754, 0.42152345180511475, 0.2490820437669754, -0.6322851777076721, -0.5843847990036011, -0.06706055253744125, -0.670605480670929, -0.6897656321525574, -0.7568262219429016, 0.3640429973602295, 0.44068360328674316, -0.5173242688179016, -0.4790039360523224, -0.2299218773841858, 0.268242210149765]

Device/SubDeviceList/InertialSensor/GyroscopeY/Sensor/Value = [-0.2972087860107422, -0.27483823895454407, 0.06364955008029938, 0.13741911947727203, 0.04687163606286049, 0.1768338978290558, 0.07669904083013535, -0.1685781031847, -0.2221076339483261, -0.06604639440774918, 0.0029294772539287806, -0.006391586735844612, 0.052197959274053574, 0.09134642779827118, 0.11771172285079956, -0.04767058417201042, -0.17550231516361237, 0.03542004153132439, 0.09560748189687729, -0.0023968450259417295, -0.15366439521312714, -0.09853696078062057, 0.15606124699115753, 0.10013485699892044, -0.027963191270828247, -0.17443706095218658, -0.04048004746437073, -0.10599381476640701, 0.041545312851667404, -0.001065264455974102, -0.12144014984369278, 0.04234426096081734, -0.002663161139935255, 0.03701794147491455, -0.06950850784778595, 0.014913702383637428, 0.16138756275177002, 0.10812434554100037, -0.10120012611150742, -0.0673779770731926, 0.14700649678707123, 0.14647386968135834, -0.053529538214206696, -0.20612867176532745, -0.04420847445726395, 0.029294772073626518, 0.027430560439825058, -0.1089232936501503, -0.029827404767274857, 0.2484729290008545, 0.11638014018535614, -0.022903185337781906, -0.19361181557178497, -0.19654129445552826, -0.023968450725078583, -0.018642127513885498, -0.015978965908288956, 0.0023968450259417295, 0.1805623322725296, 0.1017327532172203, -0.026631612330675125, -0.3075951039791107, 0.05992112681269646, 0.15606124699115753, 0.06418218463659286, -0.14540860056877136, -0.023435818031430244, 0.11025486886501312, 0.02316950261592865, 0.0324905663728714, -0.18082864582538605, -0.0463390052318573, 0.117978036403656, 0.02876213937997818, -0.1366201639175415, 0.10679276287555695, 0.1414138525724411, 0.01571265049278736, 0.06151902303099632, -0.12357068061828613, -0.18881812691688538, 0.10572749376296997, 0.08016114681959152, -0.08974853157997131, -0.13369068503379822, 0.12490225583314896, 0.09161274135112762, -0.14301174879074097, -0.16458335518836975, 0.1672465205192566, 0.08708536624908447, -0.11531487852334976, -0.14913702011108398, 0.18189390003681183, 0.09906959533691406, 0.014647386036813259, -0.14993597567081451, -0.11078750342130661, 0.01997370831668377, -0.013049489818513393, -0.025300031527876854, -0.16538231074810028, 0.07776430249214172, 0.04181163012981415, 0.07803062349557877, -0.10359697043895721, -0.012783173471689224, 0.09241168946027756, 0.08309062570333481]

Device/SubDeviceList/RHipRoll/Position/Sensor/Value = [0.2086658477783203, 0.25008392333984375, 0.21173405647277832, 0.11816000938415527, -0.04597806930541992, -0.13648414611816406, -0.10120201110839844, 0.015382051467895508, 0.1595778465270996, 0.18719005584716797, 0.23321008682250977, 0.21480202674865723, 0.03225588798522949, -0.06592011451721191, -0.12421202659606934, -0.06285214424133301, 0.08287787437438965, 0.16264605522155762, 0.16724801063537598, 0.14117002487182617, 0.1043539047241211, -0.0367741584777832, -0.13648414611816406, -0.19324207305908203, -0.1487560272216797, 0.004643917083740234, 0.11355805397033691, 0.12582993507385254, 0.12429594993591309, 0.12429594993591309, -0.010695934295654297, -0.1257460117340088, -0.22238802909851074, -0.16409611701965332, -0.06438612937927246, 0.1304318904876709, 0.13963603973388672, 0.1365680694580078, 0.12122797966003418, -0.033705949783325195, -0.11961007118225098, -0.13955211639404297, -0.03984212875366211, 0.0813438892364502, 0.18105387687683105, 0.2025299072265625, 0.22400593757629395, 0.22400593757629395, 0.027653932571411133, -0.08432793617248535, -0.09506607055664062, -0.038308143615722656, 0.06293606758117676, 0.1825878620147705, 0.2255399227142334, 0.26389002799987793, 0.2255399227142334, 0.029187917709350586, -0.09660005569458008, -0.10733795166015625, -0.03217196464538574, 0.08287787437438965, 0.2025299072265625, 0.21480202674865723, 0.20099592208862305, 0.1534419059753418, -0.015298128128051758, -0.09813404083251953, -0.17176604270935059, -0.13034796714782715, -0.042910099029541016, 0.13963603973388672, 0.16264605522155762, 0.1733839511871338, 0.13963603973388672, -0.0014920234680175781, -0.10426998138427734, -0.16869807243347168, -0.1257460117340088, -0.038308143615722656, 0.13503408432006836, 0.16264605522155762, 0.18412208557128906, 0.16571402549743652, 0.06293606758117676, -0.07205605506896973, -0.11040592193603516, -0.0030260086059570312, 0.1534419059753418, 0.1733839511871338, 0.19332599639892578, 0.1795198917388916, 0.0614018440246582, -0.07819199562072754, -0.17943596839904785, -0.14415407180786133, -0.05058002471923828, 0.12429594993591309, 0.14577198028564453, 0.17184996604919434, 0.20713186264038086, 0.13196587562561035, -0.0367741584777832, -0.17943596839904785, -0.17023205757141113, -0.11654210090637207, 0.08594608306884766, 0.11202406883239746, 0.11969399452209473]

Device/SubDeviceList/InertialSensor/AccelerometerZ/Sensor/Value = [-7.424561023712158, -10.068662643432617, -9.972861289978027, -10.356064796447754, -10.2890043258667, -7.855664253234863, -8.497529983520508, -10.40396499633789, -9.752519607543945, -10.729687690734863, -10.7680082321167, -8.765771865844727, -10.269844055175781, -12.214600563049316, -9.637558937072754, -9.417217254638672, -10.183623313903809, -10.279424667358398, -9.513017654418945, -9.944121360778809, -9.43637752532959, -9.733359336853027, -11.69727611541748, -9.848320960998535, -10.509346008300781, -10.001602172851562, -11.812236785888672, -8.8519926071167, -9.647139549255371, -8.8519926071167, -8.58375072479248, -11.314072608947754, -8.679551124572754, -9.417217254638672, -10.375225067138672, -10.05908203125, -10.585987091064453, -10.001602172851562, -11.275752067565918, -10.039922714233398, -10.317744255065918, -10.365645408630371, -11.620635032653809, -10.835068702697754, -9.235196113586426, -10.7680082321167, -10.815908432006836, -10.653047561645508, -9.762100219726562, -6.782695770263672, -9.311836242675781, -9.503437995910645, -9.503437995910645, -9.014853477478027, -11.227851867675781, -10.05908203125, -8.555009841918945, -10.106983184814453, -7.357500076293945, -9.484277725219727, -9.129815101623535, -10.7680082321167, -10.001602172851562, -11.639795303344727, -10.0495023727417, -9.014853477478027, -10.193203926086426, -11.0075101852417, -8.660390853881836, -10.202783584594727, -10.16446304321289, -9.580078125, -10.710527420043945, -10.183623313903809, -8.708291053771973, -10.030342102050781, -11.927197456359863, -8.669971466064453, -9.608819007873535, -10.7680082321167, -9.934541702270508, -8.593330383300781, -9.944121360778809, -9.407637596130371, -9.54175853729248, -9.627979278564453, -9.944121360778809, -9.896221160888672, -9.5704984664917, -8.6220703125, -9.92496109008789, -9.896221160888672, -9.388477325439453, -10.030342102050781, -9.19687557220459, -9.963281631469727, -9.695039749145508, -10.001602172851562, -9.235196113586426, -8.440049171447754, -10.988349914550781, -11.304492950439453, -9.963281631469727, -9.704619407653809, -9.91538143157959, -9.934541702270508, -9.081914901733398, -9.877060890197754, -9.666298866271973]

