
Description:
----------




Gait parameters:
----------

MaxStepX = 0.0144468082457
TorsoWy = -0.0519885313004
TorsoWx = -0.0265141509632
StepHeight = 0.0186276591581
Stiffness = 0.129787234043
MaxStepTheta = 0.0388050189073
MaxStepY = 0.121210639385
MaxStepFrequency = 0.036170212766


Stats:
----------

average_speed = 0.0242591255565
final_displacement = 0.364604974295
elapsed_time = 15.0296008587


Sensor values:
----------

times = [0.0313868522644043, 0.37144994735717773, 0.49396204948425293, 0.6181859970092773, 0.7568979263305664, 0.8800899982452393, 1.0095839500427246, 1.1442890167236328, 1.2711198329925537, 1.403393030166626, 1.5779390335083008, 1.7084119319915771, 1.8429348468780518, 1.9821019172668457, 2.126832962036133, 2.25421404838562, 2.3812079429626465, 2.5385119915008545, 2.6678459644317627, 2.796912908554077, 2.921488046646118, 3.041940927505493, 3.1736559867858887, 3.295271873474121, 3.422266960144043, 3.549272060394287, 3.6775548458099365, 3.795827865600586, 3.9140968322753906, 4.056869983673096, 4.191134929656982, 4.324250936508179, 4.446727991104126, 4.56729793548584, 4.68947696685791, 4.818688869476318, 4.959001064300537, 5.103142976760864, 5.233839988708496, 5.370571851730347, 5.5076539516448975, 5.638882875442505, 5.778719902038574, 5.91515588760376, 6.064458847045898, 6.222574949264526, 6.359602928161621, 6.491909027099609, 6.616919994354248, 6.733974933624268, 6.8608129024505615, 6.9808008670806885, 7.1215980052948, 7.25869083404541, 7.413305044174194, 7.54633903503418, 7.663534879684448, 7.781800985336304, 7.910160064697266, 8.032558917999268, 8.195436000823975, 8.33566689491272, 8.47582483291626, 8.596211910247803, 8.718289852142334, 8.846564054489136, 8.97909688949585, 9.114820957183838, 9.247647047042847, 9.374498844146729, 9.543607950210571, 9.664424896240234, 9.784795999526978, 9.91931700706482, 10.053571939468384, 10.180033922195435, 10.303022861480713, 10.449502944946289, 10.564599990844727, 10.71428394317627, 10.835937023162842, 10.953397035598755, 11.096979856491089, 11.215040922164917, 11.343448877334595, 11.467248916625977, 11.598270893096924, 11.722177028656006, 11.856674909591675, 12.13329291343689, 12.26900601387024, 12.39445185661316, 12.51688289642334, 12.659127950668335, 12.820739030838013, 12.957864046096802, 13.086580991744995, 13.20728087425232, 13.322715044021606, 13.439934015274048, 13.572913885116577, 13.704700946807861, 13.846168994903564, 13.979640007019043, 14.101481914520264, 14.24210500717163, 14.376965999603271, 14.518327951431274, 14.650701999664307, 14.783859014511108, 14.90137004852295, 15.029600858688354]

Device/SubDeviceList/LHipPitch/Position/Sensor/Value = [-0.23466014862060547, -0.17943596839904785, -0.3251659870147705, -0.440216064453125, -0.37272000312805176, -0.37272000312805176, -0.32976794242858887, -0.27761197090148926, -0.2607381343841553, -0.25, -0.19324207305908203, -0.36658406257629395, -0.420274019241333, -0.3650500774383545, -0.3512439727783203, -0.30062198638916016, -0.2530679702758789, -0.24079608917236328, -0.2208540439605713, -0.1978440284729004, -0.39266204833984375, -0.4233419895172119, -0.36044812202453613, -0.3451080322265625, -0.3159620761871338, -0.2668740749359131, -0.25153398513793945, -0.25, -0.20551395416259766, -0.3021559715270996, -0.4432840347290039, -0.37272000312805176, -0.36044812202453613, -0.3328361511230469, -0.28835010528564453, -0.25153398513793945, -0.2438640594482422, -0.20858192443847656, -0.25766992568969727, -0.4432840347290039, -0.3819241523742676, -0.3589141368865967, -0.32669997215270996, -0.2668740749359131, -0.24233007431030273, -0.23772811889648438, -0.2070479393005371, -0.3481760025024414, -0.43868207931518555, -0.36965203285217285, -0.3451080322265625, -0.31749606132507324, -0.2638061046600342, -0.23926210403442383, -0.23159193992614746, -0.1978440284729004, -0.2990880012512207, -0.4540219306945801, -0.37885594367980957, -0.3512439727783203, -0.30675792694091797, -0.2668740749359131, -0.2530679702758789, -0.24079608917236328, -0.20858192443847656, -0.29141807556152344, -0.4540219306945801, -0.3819241523742676, -0.36351609230041504, -0.32056403160095215, -0.28067994117736816, -0.2668740749359131, -0.25460195541381836, -0.2009119987487793, -0.29141807556152344, -0.440216064453125, -0.3773219585418701, -0.3619821071624756, -0.3359041213989258, -0.2852821350097656, -0.26534008979797363, -0.24846601486206055, -0.21011614799499512, -0.22238802909851074, -0.42947816848754883, -0.41260409355163574, -0.36351609230041504, -0.32976794242858887, -0.2530679702758789, -0.2438640594482422, -0.23466014862060547, -0.19937801361083984, -0.4049339294433594, -0.3941960334777832, -0.34664201736450195, -0.3282339572906494, -0.27147603034973145, -0.24539804458618164, -0.23772811889648438, -0.23159193992614746, -0.19017410278320312, -0.3880600929260254, -0.4340801239013672, -0.3619821071624756, -0.34357404708862305, -0.2960200309753418, -0.2622721195220947, -0.2561359405517578, -0.22852396965026855, -0.18864011764526367, -0.35277795791625977, -0.44175004959106445]

Device/SubDeviceList/LHipYawPitch/Position/Sensor/Value = [-0.0030260086059570312, -0.0014920234680175781, -0.0014920234680175781, 0.0015759468078613281, 0.0031099319458007812, 0.0031099319458007812, 0.0015759468078613281, 4.1961669921875e-05, 0.0031099319458007812, -0.0014920234680175781, 4.1961669921875e-05, -0.0014920234680175781, 0.0031099319458007812, 0.0015759468078613281, 0.0031099319458007812, -0.0030260086059570312, 4.1961669921875e-05, 0.0015759468078613281, 4.1961669921875e-05, 0.0015759468078613281, 4.1961669921875e-05, 0.0015759468078613281, -0.0014920234680175781, 0.0015759468078613281, 4.1961669921875e-05, -0.0030260086059570312, 0.0015759468078613281, -0.0014920234680175781, -0.0014920234680175781, -0.0014920234680175781, 0.0015759468078613281, 0.0015759468078613281, 0.0031099319458007812, 0.0031099319458007812, -0.004559993743896484, 0.0015759468078613281, 0.0015759468078613281, 4.1961669921875e-05, 4.1961669921875e-05, 0.0015759468078613281, 0.0015759468078613281, 0.0031099319458007812, 0.0015759468078613281, -0.0030260086059570312, 0.0015759468078613281, -0.0014920234680175781, -0.0014920234680175781, -0.0014920234680175781, 4.1961669921875e-05, 0.0015759468078613281, 0.0015759468078613281, 0.0015759468078613281, -0.0014920234680175781, 0.0031099319458007812, 0.0015759468078613281, 0.0031099319458007812, -0.0030260086059570312, 0.0015759468078613281, 4.1961669921875e-05, 4.1961669921875e-05, 4.1961669921875e-05, -0.0014920234680175781, 0.0031099319458007812, 0.0015759468078613281, 0.0015759468078613281, -0.0030260086059570312, 0.0015759468078613281, 0.0015759468078613281, 0.0031099319458007812, 4.1961669921875e-05, -0.0014920234680175781, 0.0015759468078613281, 4.1961669921875e-05, -0.0014920234680175781, -0.0014920234680175781, 4.1961669921875e-05, 0.0031099319458007812, 0.0031099319458007812, 0.0015759468078613281, -0.0030260086059570312, 0.0015759468078613281, 4.1961669921875e-05, 4.1961669921875e-05, 4.1961669921875e-05, 0.0015759468078613281, 0.0015759468078613281, 4.1961669921875e-05, 0.0015759468078613281, 4.1961669921875e-05, 0.0015759468078613281, 4.1961669921875e-05, 4.1961669921875e-05, 4.1961669921875e-05, 0.0031099319458007812, 0.0015759468078613281, 4.1961669921875e-05, -0.0030260086059570312, 4.1961669921875e-05, 0.0015759468078613281, 0.0015759468078613281, 4.1961669921875e-05, 4.1961669921875e-05, 0.0015759468078613281, 4.1961669921875e-05, 0.0015759468078613281, -0.0030260086059570312, 4.1961669921875e-05, 0.0015759468078613281, 4.1961669921875e-05, 4.1961669921875e-05, -0.0014920234680175781, 0.0015759468078613281]

Device/SubDeviceList/InertialSensor/GyroscopeX/Sensor/Value = [0.07376956194639206, -0.04367584362626076, 0.2087918370962143, 0.3057309091091156, -0.2514024078845978, -0.29933932423591614, 0.17070862650871277, -0.34567832946777344, -0.13076120615005493, 0.19654129445552826, -0.060453757643699646, 0.229830801486969, 0.2111886739730835, -0.13635385036468506, -0.17976337671279907, -0.18082864582538605, -0.2455434501171112, 0.20133498311042786, 0.2889529764652252, -0.006125270389020443, 0.5211806297302246, 0.3536677956581116, -0.3648530840873718, -0.596015453338623, -0.052197959274053574, -0.3749730885028839, 0.01757686398923397, 0.14008226990699768, 0.15313176810741425, 0.20373181998729706, 0.29214876890182495, -0.14221280813217163, -0.07803062349557877, 0.08522115647792816, -0.2814961373806, -0.33475935459136963, 0.2173139452934265, 0.37097835540771484, 0.21198762953281403, 0.5387575030326843, -0.11558119207620621, -0.06471481919288635, 0.028495823964476585, -0.5323659181594849, -0.03994741663336754, -0.05060006305575371, 0.1781654804944992, 0.4905542731285095, 0.7443535327911377, -0.2932140529155731, -0.7297061681747437, -0.32836776971817017, -0.4809668958187103, 0.047936901450157166, 0.09906959533691406, 0.07483483105897903, 0.1533980816602707, 0.40879523754119873, -0.11877698451280594, -0.3720436096191406, 0.18988339602947235, -0.01757686398923397, -0.003195793367922306, 0.29401299357414246, -0.31691616773605347, 0.05938849225640297, 0.4687163531780243, -0.07270430028438568, -0.030892670154571533, -0.11877698451280594, -0.7661914825439453, -0.2785666584968567, 0.38056573271751404, 0.8514125943183899, 0.15899072587490082, 0.1557949334383011, -0.11824435740709305, 0.006391586735844612, -0.06471481919288635, -0.500674307346344, -0.5488775372505188, 0.3443467319011688, 0.9534116983413696, -0.19627498090267181, 0.3534014821052551, 0.02263686992228031, -0.19840550422668457, 0.21704763174057007, -0.1318264752626419, 0.1041295975446701, 0.2617887258529663, 0.054861120879650116, 0.4375573694705963, 0.45699843764305115, -0.21385183930397034, -0.6748450398445129, -0.3099919557571411, -0.4122573435306549, 0.3177151381969452, -0.23515713214874268, 0.6322344541549683, 0.5986786484718323, 0.3443467319011688, -0.6245113015174866, -0.9978864789009094, 0.12436962872743607, 0.05885586142539978, 0.2953445613384247, -0.12969595193862915, -0.2798982262611389, 0.3472762107849121, 0.5901564955711365]

Device/SubDeviceList/LKneePitch/ElectricCurrent/Sensor/Value = [0.41600000858306885, 0.06400000303983688, 0.09600000083446503, 0.03200000151991844, 0.3840000033378601, 0.17600001394748688, 1.4720001220703125, 0.8320000171661377, 0.320000022649765, 0.25600001215934753, 0.0, 0.03200000151991844, 0.0, 0.0, 0.3680000305175781, 0.9920000433921814, 0.6080000400543213, 0.25600001215934753, 0.6080000400543213, 0.0, 0.01600000075995922, 0.0, 0.0, 0.35200002789497375, 1.0880000591278076, 0.8160000443458557, 0.24000000953674316, 0.2720000147819519, 0.4960000216960907, 0.0, 0.06400000303983688, 0.0, 0.0, 0.7360000610351562, 0.8320000171661377, 0.24000000953674316, 0.30400002002716064, 0.527999997138977, 0.24000000953674316, 0.0, 0.06400000303983688, 0.0, 1.2960000038146973, 0.6880000233650208, 0.2880000174045563, 0.320000022649765, 0.04800000041723251, 0.03200000151991844, 0.0, 0.0, 0.5440000295639038, 1.2960000038146973, 0.8800000548362732, 0.4000000059604645, 0.320000022649765, 0.320000022649765, 0.01600000075995922, 0.0, 0.4000000059604645, 0.3360000252723694, 1.5360000133514404, 0.9120000600814819, 0.3840000033378601, 0.0, 0.9280000329017639, 0.5600000023841858, 0.0, 0.0, 0.0, 1.0240000486373901, 0.8160000443458557, 0.3680000305175781, 0.2720000147819519, 0.1120000034570694, 0.48000001907348633, 0.17600001394748688, 0.41600000858306885, 0.0, 1.2640000581741333, 0.6720000505447388, 0.3360000252723694, 0.3360000252723694, 0.3360000252723694, 0.01600000075995922, 0.19200000166893005, 0.19200000166893005, 0.5760000348091125, 0.24000000953674316, 0.4000000059604645, 0.0, 0.7200000286102295, 0.46400001645088196, 0.5120000243186951, 0.03200000151991844, 0.14400000870227814, 1.0240000486373901, 0.9600000381469727, 0.35200002789497375, 0.3680000305175781, 0.5600000023841858, 0.4000000059604645, 0.12800000607967377, 0.0, 0.0, 0.9600000381469727, 0.7040000557899475, 0.4960000216960907, 0.06400000303983688, 0.8640000224113464, 0.0, 0.0, 0.0]

Device/SubDeviceList/LAnkleRoll/Position/Sensor/Value = [0.02151799201965332, -0.11654210090637207, -0.1840381622314453, -0.1840381622314453, -0.07972598075866699, 0.04146003723144531, 0.1565098762512207, 0.1963939666748047, 0.18105387687683105, 0.013848066329956055, -0.13955211639404297, -0.23159193992614746, -0.230057954788208, -0.1318819522857666, 0.04452800750732422, 0.1595778465270996, 0.21020007133483887, 0.16571402549743652, 0.0061779022216796875, -0.13648414611816406, -0.19631004333496094, -0.2009119987487793, -0.1487560272216797, 0.027653932571411133, 0.14577198028564453, 0.19792795181274414, 0.19179201126098633, 0.10895586013793945, -0.09966802597045898, -0.18557214736938477, -0.22852396965026855, -0.18710613250732422, -0.07819199562072754, 0.08901405334472656, 0.17031598091125488, 0.2025299072265625, 0.12122797966003418, -0.06131792068481445, -0.1809699535369873, -0.23772811889648438, -0.2039799690246582, -0.06898808479309082, 0.10895586013793945, 0.21786999702453613, 0.22707390785217285, 0.08748006820678711, -0.07819199562072754, -0.1487560272216797, -0.16256213188171387, -0.07359004020690918, 0.0583338737487793, 0.1825878620147705, 0.23321008682250977, 0.2025299072265625, 0.06293606758117676, -0.11347413063049316, -0.1748340129852295, -0.19017410278320312, -0.16409611701965332, 0.0015759468078613281, 0.1304318904876709, 0.14423799514770508, 0.09361600875854492, 4.1961669921875e-05, -0.11961007118225098, -0.21011614799499512, -0.24539804458618164, -0.2070479393005371, -0.07512402534484863, 0.12276196479797363, 0.1565098762512207, 0.13196587562561035, 0.042994022369384766, -0.1579599380493164, -0.24539804458618164, -0.28374814987182617, -0.21625208854675293, -0.09813404083251953, 0.10588788986206055, 0.14883995056152344, 0.14270401000976562, 0.06293606758117676, -0.11500811576843262, -0.2239220142364502, -0.24079608917236328, -0.17176604270935059, -0.052114009857177734, 0.09668397903442383, 0.24088001251220703, 0.19792795181274414, 0.03072190284729004, -0.1058039665222168, -0.16563010215759277, -0.12421202659606934, -0.007627964019775391, 0.16571402549743652, 0.25008392333984375, 0.277695894241333, 0.1994619369506836, 0.033789873123168945, -0.1288139820098877, -0.17943596839904785, -0.1840381622314453, -0.14415407180786133, 0.07213997840881348, 0.14883995056152344, 0.1334998607635498, 0.0614018440246582, -0.04444408416748047, -0.16716408729553223, -0.2438640594482422, -0.26534008979797363]

displacement = [0.009152733831916818, 0.012277919701147983, 0.015933436910097746, 0.022238911132994168, 0.029263661870191252, 0.024672194835578778, 0.02669525366629001, 0.026395669413931483, 0.033562804121178735, 0.0393569857929548, 0.0397739117470299, 0.04104216797269217, 0.05202110059263538, 0.05595351340280464, 0.053687309231373784, 0.0530352126609848, 0.05661113993645796, 0.06533919409817822, 0.06722722665539561, 0.0686611819105643, 0.06867710185796531, 0.07848011388329812, 0.08207805136774839, 0.08206191501401468, 0.083007660591902, 0.08456817427647642, 0.09079956657471418, 0.09665551330587646, 0.09660786228844166, 0.09603846239098927, 0.10325240429186443, 0.11102204918725349, 0.109513642020459, 0.11152364148425656, 0.11134858050267031, 0.11547346040245131, 0.12439713414698753, 0.1253210393377949, 0.12634602702115816, 0.12967424785459772, 0.13807477184397046, 0.14136596590136657, 0.14039120589045737, 0.1412619416745647, 0.14831248286705775, 0.1558684131941579, 0.15443337949415248, 0.1540548393773834, 0.16017989205060632, 0.16881873526995697, 0.16631793114936758, 0.16866500467712262, 0.17011955308336435, 0.17600337828244741, 0.18477831542868442, 0.1834866839010701, 0.18218619143729772, 0.18783239674401175, 0.19516965840587994, 0.19749482485489084, 0.19754606029560184, 0.1996868016967678, 0.2065756039803832, 0.2131135950491046, 0.21172713532959644, 0.21063441895848758, 0.21712843400884962, 0.2254120053925276, 0.22450716612002036, 0.2271314696703416, 0.22858576106772366, 0.2349084479136966, 0.2403749054686388, 0.24077634517912488, 0.24051244780100783, 0.24507324019529367, 0.2537915512613231, 0.25341496198374774, 0.25556161275308104, 0.25661870132858916, 0.2620895426655372, 0.2680679825950591, 0.2690106779769299, 0.2709578959953635, 0.2718041326359104, 0.2799578320127054, 0.2841405283182943, 0.2842667000817415, 0.28398667015556217, 0.2959679720204307, 0.2980382990129372, 0.2989950500311825, 0.29851821499966796, 0.3081793973485014, 0.3150072592461485, 0.31322327344886697, 0.3137045432535428, 0.3173043981260971, 0.3242419761673957, 0.3309716989094579, 0.3279697436975495, 0.3286001735802431, 0.33612452384415853, 0.3425159489907807, 0.3419779270562578, 0.34198665990008464, 0.34522480592389077, 0.35305236280679264, 0.35604360509936145, 0.35695488580622514, 0.35707295821449936, 0.3646049742946579]

position_x = [0.008224844932556152, 0.008682847023010254, 0.009070992469787598, 0.013723254203796387, 0.023064732551574707, 0.022309184074401855, 0.023315072059631348, 0.02556288242340088, 0.033347487449645996, 0.038605570793151855, 0.037691473960876465, 0.036907076835632324, 0.04652440547943115, 0.051621079444885254, 0.051430583000183105, 0.051227688789367676, 0.05595529079437256, 0.06468379497528076, 0.06436765193939209, 0.06692659854888916, 0.06506669521331787, 0.07409346103668213, 0.07792079448699951, 0.08005821704864502, 0.08047330379486084, 0.08342325687408447, 0.09001719951629639, 0.09555041790008545, 0.09415733814239502, 0.09344828128814697, 0.09935939311981201, 0.10692846775054932, 0.10766947269439697, 0.10892307758331299, 0.10945236682891846, 0.11436808109283447, 0.12313997745513916, 0.12271320819854736, 0.12429225444793701, 0.12609589099884033, 0.133888840675354, 0.1378542184829712, 0.13766467571258545, 0.13951194286346436, 0.14710581302642822, 0.15407264232635498, 0.15177500247955322, 0.15105950832366943, 0.1555558443069458, 0.16463816165924072, 0.16424691677093506, 0.1658233404159546, 0.16798603534698486, 0.1746903657913208, 0.18279969692230225, 0.18075382709503174, 0.1789489984512329, 0.18396532535552979, 0.1907421350479126, 0.1936889886856079, 0.1943744421005249, 0.19759094715118408, 0.2047208547592163, 0.2109616994857788, 0.20863807201385498, 0.20732533931732178, 0.212976336479187, 0.220680832862854, 0.2217649221420288, 0.22384607791900635, 0.2262800931930542, 0.23324859142303467, 0.23819077014923096, 0.23736989498138428, 0.23681342601776123, 0.24084913730621338, 0.249259352684021, 0.2504616975784302, 0.25207746028900146, 0.25384366512298584, 0.2601679563522339, 0.26565563678741455, 0.2652519941329956, 0.26772964000701904, 0.2676490545272827, 0.27528321743011475, 0.27972495555877686, 0.280643105506897, 0.28053104877471924, 0.2933601140975952, 0.2939053773880005, 0.295540452003479, 0.29395854473114014, 0.3029443025588989, 0.3100959062576294, 0.30934178829193115, 0.3102670907974243, 0.31471240520477295, 0.32127678394317627, 0.32772815227508545, 0.3240426778793335, 0.3242584466934204, 0.33030474185943604, 0.33738625049591064, 0.33798253536224365, 0.33817827701568604, 0.34193742275238037, 0.3498767614364624, 0.351462721824646, 0.3529418706893921, 0.35214388370513916, 0.35911571979522705]

position_y = [0.004015527665615082, 0.008680753409862518, 0.013099294155836105, 0.017499756067991257, 0.01801055297255516, 0.01053648442029953, 0.013001691550016403, 0.006578024476766586, 0.0037956424057483673, 0.007653903216123581, 0.012701056897640228, 0.017953474074602127, 0.023273903876543045, 0.021588418632745743, 0.015402022749185562, 0.013727989047765732, 0.008592240512371063, 0.00923130288720131, 0.01939859241247177, 0.015335850417613983, 0.021974291652441025, 0.025870587676763535, 0.02579062432050705, 0.018023312091827393, 0.020354829728603363, 0.013868536800146103, 0.01189390942454338, 0.014574151486158371, 0.021621163934469223, 0.02215411886572838, 0.028085049241781235, 0.0298696868121624, 0.020013056695461273, 0.02394338697195053, 0.020461812615394592, 0.015939325094223022, 0.01764066144824028, 0.025432880967855453, 0.022688191384077072, 0.030252881348133087, 0.03374049440026283, 0.03131374716758728, 0.027534119784832, 0.022166505455970764, 0.01888047531247139, 0.023592013865709305, 0.028530988842248917, 0.030231084674596786, 0.03820964694023132, 0.03733685985207558, 0.0261649489402771, 0.03083023801445961, 0.02685803920030594, 0.021458454430103302, 0.026968438178300858, 0.03155023232102394, 0.03419158235192299, 0.03791791573166847, 0.04133561998605728, 0.03858473151922226, 0.0352565199136734, 0.02885543927550316, 0.027619771659374237, 0.030208703130483627, 0.03603518754243851, 0.0371895432472229, 0.04225916415452957, 0.04594063758850098, 0.03498266637325287, 0.038492050021886826, 0.032384712249040604, 0.02787603810429573, 0.032330360263586044, 0.04035816341638565, 0.04201950505375862, 0.04530547559261322, 0.04774857684969902, 0.03857565298676491, 0.04205581918358803, 0.03763710334897041, 0.03167906031012535, 0.03588211163878441, 0.04481210187077522, 0.04170157387852669, 0.04734416678547859, 0.050946421921253204, 0.04989778622984886, 0.04524382948875427, 0.044167403131723404, 0.039203111082315445, 0.049461670219898224, 0.04531976580619812, 0.05197594314813614, 0.05656227096915245, 0.055408503860235214, 0.049157675355672836, 0.04631277173757553, 0.04047447443008423, 0.04375028237700462, 0.04622254520654678, 0.05060134083032608, 0.0532403402030468, 0.06227738782763481, 0.05905669555068016, 0.052122052758932114, 0.050895269960165024, 0.047528576105833054, 0.047246403992176056, 0.0569298155605793, 0.05337439849972725, 0.0591251440346241, 0.06302925571799278]

Device/SubDeviceList/LFoot/FSR/TotalWeight/Sensor/Value = [1.3316723108291626, 0.868260383605957, 0.03410739079117775, 0.022967921569943428, 0.038045164197683334, 1.206367015838623, 0.736146092414856, 2.231166362762451, 1.8552849292755127, 1.703301191329956, 0.6604863405227661, 0.014927128329873085, 0.0430273711681366, 0.021666381508111954, 0.41403451561927795, 2.7863283157348633, 1.9590349197387695, 2.1942083835601807, 1.627366304397583, 0.5452234745025635, 0.037872154265642166, 0.040566038340330124, 0.04785766825079918, 0.4324718117713928, 1.1618068218231201, 2.64939022064209, 1.9976072311401367, 2.1917295455932617, 0.9820422530174255, 0.011167558841407299, 0.02653736062347889, 0.038789331912994385, 0.40337780117988586, 0.5074653029441833, 1.3572477102279663, 1.8210723400115967, 2.574781656265259, 1.4074389934539795, 0.11973437666893005, 0.03275647014379501, 0.029238596558570862, 0.3054839074611664, 0.47414934635162354, 2.36112117767334, 2.2419402599334717, 3.1748204231262207, 0.8416379690170288, 0.03380248323082924, 0.03293751925230026, 0.023731471970677376, 0.39087921380996704, 1.806488037109375, 2.6400296688079834, 2.295542001724243, 2.348707437515259, 0.8283615708351135, 0.036203883588314056, 0.04935634508728981, 0.03425350412726402, 0.5056515336036682, 0.6615347862243652, 2.351226329803467, 1.9855546951293945, 0.09894178807735443, 1.131945013999939, 0.07523929327726364, 0.03101019188761711, 0.051733121275901794, 0.21643958985805511, 1.6577645540237427, 2.2012550830841064, 2.952606678009033, 2.3928422927856445, 0.3376898169517517, 0.031547386199235916, 0.013993813656270504, 0.034470200538635254, 0.2394854575395584, 0.3266061246395111, 1.9060953855514526, 1.8746416568756104, 2.832489490509033, 0.2987099885940552, 0.4133146405220032, 0.04580599069595337, 0.039119426161050797, 0.7824342846870422, 0.319548636674881, 2.3528666496276855, 2.2648866176605225, 2.5844593048095703, 0.5466469526290894, 0.020538734272122383, 0.036088451743125916, 0.03153393790125847, 1.8660166263580322, 3.014096736907959, 1.9282934665679932, 3.614229679107666, 3.3935933113098145, 0.2932462990283966, 0.017240017652511597, 0.03696524351835251, 0.032694436609745026, 1.1827583312988281, 2.4864792823791504, 1.366776466369629, 2.4308581352233887, 0.2748826742172241, 1.9185099601745605, 0.04866204783320427, 0.025130964815616608]

Device/SubDeviceList/InertialSensor/AngleX/Sensor/Value = [-0.08417684584856033, -0.07363111525774002, -0.034130875021219254, 0.05177181586623192, 0.06097572669386864, 0.02320164069533348, 0.03854149207472801, -0.0109294094145298, -0.06941253691911697, -0.06922084838151932, -0.06941253691911697, -0.008820358663797379, 0.06615322083234787, 0.07248084992170334, 0.06883733719587326, 0.06327693909406662, -0.0556066669523716, -0.07190496474504471, -0.07267219573259354, -0.07516510039567947, 0.00747841177508235, 0.08628671616315842, 0.09568231552839279, 0.06730335205793381, 0.06615322083234787, -0.01764041557908058, -0.06653625518083572, -0.06749517470598221, -0.056181732565164566, -0.05848294869065285, 0.0469781719148159, 0.07094686478376389, 0.07420652359724045, 0.07056348770856857, 0.03163832053542137, -0.06596118956804276, -0.08283502608537674, -0.07784921675920486, -0.0830267146229744, 0.01188867911696434, 0.06404369324445724, 0.07535713165998459, 0.08110921829938889, -0.003834549570456147, -0.08436901122331619, -0.10795385390520096, -0.11811620742082596, -0.0325968898832798, 0.11850040405988693, 0.15320652723312378, 0.1248280331492424, 0.04141777381300926, -0.050045792013406754, -0.09970838576555252, -0.0816844180226326, -0.08283502608537674, -0.050045792013406754, 0.05004614219069481, 0.09817474335432053, 0.06212633475661278, 0.033747848123311996, -0.018024269491434097, -0.05963355675339699, -0.042567554861307144, -0.007669751066714525, -0.06922084838151932, 0.029912646859884262, 0.08475273102521896, 0.09184711426496506, 0.09702461212873459, -0.047745052725076675, -0.1537812352180481, -0.17065507173538208, -0.11543209105730057, -0.030679527670145035, 0.051388438791036606, 0.07037132233381271, 0.07880847901105881, 0.08206813782453537, -0.015723053365945816, -0.130388081073761, -0.14572793245315552, -0.0874365046620369, -0.04065019264817238, 0.019750293344259262, 0.055990394204854965, 0.04985445365309715, 0.014956649392843246, 0.04793709143996239, -0.07516510039567947, -0.08206779509782791, -0.10143453627824783, 0.0032598336692899466, 0.12866276502609253, 0.1597258448600769, 0.10162656754255295, -0.019941631704568863, -0.11159688979387283, -0.1064198687672615, -0.13499003648757935, -0.11945850402116776, 0.02281826362013817, 0.16643685102462769, 0.15454882383346558, 0.08091752976179123, 0.027995284646749496, -0.030296150594949722, -0.04180080071091652, 0.0044104414992034435, -0.043718162924051285, -0.06864530593156815, 0.057141002267599106]

Device/SubDeviceList/LHipPitch/ElectricCurrent/Sensor/Value = [0.08000000566244125, 0.0, 0.08000000566244125, 0.0, 0.0, 0.08000000566244125, 0.12800000607967377, 0.08000000566244125, 0.0, 0.3840000033378601, 0.0, 0.09600000083446503, 0.0, 0.0, 0.12800000607967377, 0.1120000034570694, 0.08000000566244125, 0.0, 0.04800000041723251, 0.0, 0.0, 0.0, 0.0, 0.1120000034570694, 0.08000000566244125, 0.03200000151991844, 0.1120000034570694, 0.0, 0.0, 0.25600001215934753, 0.04800000041723251, 0.01600000075995922, 0.0, 0.3680000305175781, 0.20800000429153442, 0.08000000566244125, 0.0, 0.0, 1.0880000591278076, 0.0, 0.03200000151991844, 0.14400000870227814, 0.30400002002716064, 0.14400000870227814, 0.20800000429153442, 0.0, 0.3680000305175781, 0.1600000113248825, 0.0, 0.08000000566244125, 0.08000000566244125, 0.08000000566244125, 0.2240000069141388, 0.0, 0.0, 0.0, 0.0, 0.0, 0.0, 0.0, 0.09600000083446503, 0.0, 0.0, 0.0, 0.06400000303983688, 0.2240000069141388, 0.0, 0.0, 0.0, 0.1120000034570694, 0.3680000305175781, 0.14400000870227814, 0.14400000870227814, 0.12800000607967377, 0.0, 0.0, 0.0, 0.0, 0.14400000870227814, 0.14400000870227814, 0.19200000166893005, 0.0, 0.0, 0.17600001394748688, 0.0, 0.01600000075995922, 0.0, 0.0, 0.0, 0.08000000566244125, 0.09600000083446503, 0.0, 0.0, 0.04800000041723251, 0.0, 0.04800000041723251, 0.20800000429153442, 0.14400000870227814, 0.0, 0.0, 0.0, 0.0, 0.0, 0.0, 0.0, 0.0, 0.0, 0.3680000305175781, 0.09600000083446503, 0.0, 0.1120000034570694, 0.0]

Device/SubDeviceList/LHipRoll/Position/Sensor/Value = [-0.07512402534484863, 0.07520794868469238, 0.16878199577331543, 0.23627805709838867, 0.1503739356994629, 0.04606199264526367, -0.08739614486694336, -0.09506607055664062, -0.10273599624633789, -0.09199810028076172, 0.11202406883239746, 0.2224719524383545, 0.26389002799987793, 0.21480202674865723, 0.07367396354675293, -0.03217196464538574, -0.09506607055664062, -0.1058039665222168, -0.05058002471923828, 0.12582993507385254, 0.1994619369506836, 0.2224719524383545, 0.19792795181274414, 0.1043539047241211, -0.052114009857177734, -0.08432793617248535, -0.1058039665222168, -0.11194014549255371, 0.018450021743774414, 0.16111207008361816, 0.260822057723999, 0.23014187812805176, 0.18105387687683105, 0.027653932571411133, -0.05364799499511719, -0.09660005569458008, -0.09966802597045898, 0.009245872497558594, 0.15497589111328125, 0.24701595306396484, 0.2454819679260254, 0.19792795181274414, 0.0123138427734375, -0.07819199562072754, -0.1349501609802246, -0.1318819522857666, 0.04606199264526367, 0.1565098762512207, 0.21020007133483887, 0.14270401000976562, 0.08594608306884766, -0.10120201110839844, -0.11347413063049316, -0.13955211639404297, -0.10120201110839844, 0.056799888610839844, 0.1565098762512207, 0.21940398216247559, 0.19025802612304688, 0.12276196479797363, -0.04444408416748047, -0.07512402534484863, -0.06438612937927246, -0.022968053817749023, 0.09054803848266602, 0.21020007133483887, 0.28690004348754883, 0.260822057723999, 0.21173405647277832, -0.024502038955688477, -0.022968053817749023, -0.02603602409362793, -0.02143406867980957, 0.11509203910827637, 0.21173405647277832, 0.30530786514282227, 0.2623560428619385, 0.18719005584716797, 0.0031099319458007812, -0.022968053817749023, -0.03063797950744629, -0.018366098403930664, 0.06293606758117676, 0.21173405647277832, 0.2516179084777832, 0.22707390785217285, 0.14117002487182617, 0.0123138427734375, -0.11654210090637207, -0.1318819522857666, -0.07205605506896973, 0.08594608306884766, 0.17184996604919434, 0.17491793632507324, 0.10128593444824219, -0.06745409965515137, -0.11654210090637207, -0.16409611701965332, -0.13801813125610352, -0.0858621597290039, 0.09668397903442383, 0.19485998153686523, 0.1994619369506836, 0.18565607070922852, 0.0614018440246582, -0.06438612937927246, -0.07972598075866699, -0.04444408416748047, 0.029187917709350586, 0.16264605522155762, 0.22707390785217285, 0.30530786514282227]

Device/SubDeviceList/RHipPitch/Position/Sensor/Value = [-0.3037738800048828, -0.2623560428619385, -0.25928807258605957, -0.2316758632659912, -0.23781204223632812, -0.24241399765014648, -0.2025299072265625, -0.39734792709350586, -0.4096200466156006, -0.3267838954925537, -0.2884340286254883, -0.26389002799987793, -0.24394798278808594, -0.24394798278808594, -0.2224719524383545, -0.25008392333984375, -0.41115403175354004, -0.317579984664917, -0.3037738800048828, -0.2853660583496094, -0.260822057723999, -0.2485499382019043, -0.2485499382019043, -0.21940398216247559, -0.19485998153686523, -0.37740588188171387, -0.38200807571411133, -0.317579984664917, -0.2915019989013672, -0.2746279239654541, -0.2454819679260254, -0.24394798278808594, -0.23781204223632812, -0.19485998153686523, -0.3068418502807617, -0.4065520763397217, -0.31297802925109863, -0.29303598403930664, -0.27922987937927246, -0.2516179084777832, -0.25008392333984375, -0.23934602737426758, -0.18872404098510742, -0.35439586639404297, -0.37126994132995605, -0.29303598403930664, -0.2884340286254883, -0.2715599536895752, -0.24241399765014648, -0.23321008682250977, -0.21940398216247559, -0.17184996604919434, -0.32218194007873535, -0.3758718967437744, -0.3083760738372803, -0.29303598403930664, -0.277695894241333, -0.25315189361572266, -0.25315189361572266, -0.23934602737426758, -0.17798590660095215, -0.3835420608520508, -0.39427995681762695, -0.3329200744628906, -0.29303598403930664, -0.2807638645172119, -0.2485499382019043, -0.24701595306396484, -0.24241399765014648, -0.21326804161071777, -0.38814401626586914, -0.40348386764526367, -0.31604599952697754, -0.29610395431518555, -0.27309393882751465, -0.24701595306396484, -0.2454819679260254, -0.2454819679260254, -0.19792795181274414, -0.3405900001525879, -0.41115403175354004, -0.32831788063049316, -0.3083760738372803, -0.28996801376342773, -0.260822057723999, -0.2485499382019043, -0.23781204223632812, -0.20406389236450195, -0.4019498825073242, -0.317579984664917, -0.297637939453125, -0.2838320732116699, -0.260822057723999, -0.23474407196044922, -0.22400593757629395, -0.1795198917388916, -0.2684919834136963, -0.38814401626586914, -0.33598804473876953, -0.3037738800048828, -0.2884340286254883, -0.26389002799987793, -0.24394798278808594, -0.24394798278808594, -0.21326804161071777, -0.23321008682250977, -0.40808606147766113, -0.3559298515319824, -0.3083760738372803, -0.2684919834136963, -0.2684919834136963, -0.25928807258605957]

Device/SubDeviceList/RFoot/FSR/CenterOfPressure/X/Sensor/Value = [-0.03024730645120144, -0.030237389728426933, -0.007948900572955608, -0.030026787891983986, -0.030080165714025497, -0.030101032927632332, -0.03016655333340168, -0.030213935300707817, -0.030249999836087227, -0.030249999836087227, -0.030134843662381172, -0.019348807632923126, -0.028868235647678375, -0.025539856404066086, 0.01208239234983921, -0.03018948808312416, -0.030143113806843758, -0.030249999836087227, -0.030249999836087227, -0.030099859461188316, -0.0005803764797747135, -0.0018325253622606397, -0.01590041257441044, -0.029804963618516922, -0.030220162123441696, -0.030249999836087227, -0.03023078665137291, -0.030237246304750443, -0.030249999836087227, -0.013918677344918251, -0.008520151488482952, -0.01430997159332037, -0.006718308199197054, -0.030109358951449394, -0.03020176663994789, -0.030194740742444992, -0.030237939208745956, -0.030249999836087227, -0.021221643313765526, -0.002093850402161479, -0.0007777423015795648, -0.0011826800182461739, -0.030092336237430573, -0.030214006081223488, -0.03020409122109413, -0.030249999836087227, -0.030102960765361786, 0.007203300949186087, 0.00046181210200302303, -0.0006714476621709764, -0.029854247346520424, -0.030227765440940857, -0.030250001698732376, -0.030222546309232712, -0.030241800472140312, -0.03024524822831154, -0.027965625748038292, 0.013732063584029675, 0.0022610595915466547, -0.030050143599510193, -0.030172420665621758, -0.030241670086979866, -0.03020467609167099, -0.029657425358891487, -0.030241848900914192, -0.029815886169672012, -0.009622016921639442, -0.005373110994696617, -0.0020935647189617157, -0.030133314430713654, -0.030168574303388596, -0.03018806129693985, -0.030249997973442078, -0.02979736216366291, -0.021563071757555008, -0.03002122975885868, -0.01480453833937645, 0.003233768744394183, -0.03008216805756092, -0.030210698023438454, -0.030217662453651428, -0.03018943779170513, -0.0300167016685009, -0.029801707714796066, -0.01088229101151228, 0.007796544581651688, -0.03021787665784359, -0.021991204470396042, -0.030249999836087227, -0.03016735054552555, -0.030249997973442078, -0.030249999836087227, 0.003095560008659959, -0.006943278014659882, -0.009769340977072716, -0.03021327033638954, -0.030149566009640694, -0.030249999836087227, -0.03022892400622368, -0.030141230672597885, -0.029380042105913162, 0.007278345059603453, 0.0037988226395100355, -0.02738383412361145, -0.030235126614570618, -0.030219923704862595, -0.030249999836087227, -0.029843203723430634, -0.030005034059286118, -0.030249999836087227, -0.029753990471363068, 0.005470189265906811]

Device/SubDeviceList/InertialSensor/AngleY/Sensor/Value = [0.05311376228928566, 0.030870739370584488, 0.005368534941226244, -0.01936691626906395, -0.055031951516866684, -0.04889601096510887, -0.011696990579366684, -0.0024930795188993216, -0.007670100312680006, 0.005176846403628588, 0.002108875894919038, -0.008437331765890121, -0.04563635215163231, -0.05925052985548973, -0.04065101966261864, -0.00901239737868309, 0.013997379690408707, 0.014572445303201675, 0.0034511724952608347, -0.011505302041769028, -0.016682323068380356, -0.015531715005636215, -0.015148337930440903, -0.016874011605978012, -0.0222431980073452, 0.005176846403628588, 0.00805312767624855, 0.023201290518045425, 0.022625748068094254, 0.001533810282126069, -0.00575273809954524, -0.028379138559103012, -0.0279957614839077, -0.020325835794210434, -0.007095034699887037, 0.002300564432516694, 0.008819881826639175, -0.0011507829185575247, -0.009971316903829575, 0.0017254988197237253, -0.0003840287681668997, -0.005944426637142897, -0.021284278482198715, -0.0072867232374846935, 0.0049851578660309315, 0.01265508309006691, 0.01265508309006691, 0.02741939201951027, 0.015723053365945816, -0.010546382516622543, -0.02684515342116356, -0.008053954690694809, 0.0013416449073702097, -0.002109702443704009, -0.012272056192159653, -0.01591556891798973, -0.01879185065627098, -0.008437331765890121, 0.002875630045309663, 0.006710831541568041, -0.009779628366231918, -0.021859820932149887, -0.021667655557394028, -0.011696990579366684, 0.006135765928775072, -0.014381583780050278, -0.0324055515229702, -0.02780359610915184, -0.032597240060567856, -0.03489845618605614, -0.0044104414992034435, -0.0019180139061063528, 0.012271229177713394, 0.014955822378396988, -0.012463744729757309, -0.02396887168288231, -0.02857082709670067, -0.029145892709493637, -0.020325835794210434, 0.006327454466372728, 0.016873184591531754, 0.020900074392557144, 0.0011499563697725534, -0.014381583780050278, -0.012272056192159653, -0.01994198188185692, -0.014956649392843246, -0.02147596701979637, -0.025886233896017075, 0.010737244039773941, 0.013038460165262222, 0.009395424276590347, 0.008819881826639175, -0.020900901407003403, -0.04793709143996239, -0.035473521798849106, -0.007670100312680006, 0.0055602234788239, -0.0032603105064481497, -0.020900901407003403, -0.023009952157735825, -0.015723880380392075, -0.024927791208028793, -0.034515079110860825, -0.02607792243361473, -0.02972143515944481, -0.00575273809954524, 0.01898271217942238, 0.01821548119187355, -0.011121924966573715, -0.03432339057326317, -0.020900901407003403]

Device/SubDeviceList/LHipRoll/ElectricCurrent/Sensor/Value = [0.41600000858306885, 0.06400000303983688, 0.24000000953674316, 0.0, 0.0, 0.04800000041723251, 0.0, 0.0, 0.656000018119812, 0.0, 0.0, 0.2240000069141388, 0.0, 0.0, 0.0, 0.7040000557899475, 0.46400001645088196, 0.1600000113248825, 0.5920000076293945, 0.0, 0.01600000075995922, 0.1120000034570694, 0.0, 0.08000000566244125, 0.9760000705718994, 0.0, 0.6720000505447388, 0.46400001645088196, 0.20800000429153442, 0.3680000305175781, 0.0, 0.0, 0.09600000083446503, 0.0, 0.3360000252723694, 0.25600001215934753, 0.0, 0.46400001645088196, 0.03200000151991844, 0.01600000075995922, 0.0, 0.0, 0.09600000083446503, 0.0, 0.6240000128746033, 0.5600000023841858, 0.656000018119812, 0.04800000041723251, 0.25600001215934753, 0.0, 0.0, 0.0, 0.6880000233650208, 0.800000011920929, 0.3680000305175781, 0.04800000041723251, 0.5600000023841858, 0.0, 0.0, 0.0, 0.0, 0.35200002789497375, 0.8800000548362732, 0.12800000607967377, 0.03200000151991844, 0.1600000113248825, 0.0, 0.0, 0.1120000034570694, 0.9920000433921814, 0.0, 0.30400002002716064, 0.0, 0.03200000151991844, 0.5600000023841858, 0.19200000166893005, 0.0, 0.01600000075995922, 0.0, 0.0, 0.320000022649765, 0.0, 0.0, 0.0, 0.04800000041723251, 0.0, 0.0, 0.0, 0.0, 0.9280000329017639, 0.09600000083446503, 0.0, 0.12800000607967377, 0.0, 0.0, 0.0, 0.0, 0.4960000216960907, 0.8800000548362732, 0.12800000607967377, 0.01600000075995922, 0.0, 0.0, 0.0, 0.0, 1.040000081062317, 0.3360000252723694, 0.7520000338554382, 0.2240000069141388, 0.17600001394748688, 0.25600001215934753, 0.0]

Device/SubDeviceList/LKneePitch/Position/Sensor/Value = [0.8835420608520508, 0.8589980602264404, 1.138185977935791, 1.1366519927978516, 0.9556400775909424, 0.9402999877929688, 0.9019501209259033, 0.8436579704284668, 0.8513281345367432, 0.8896780014038086, 0.8605320453643799, 1.162730097770691, 1.0522820949554443, 0.9449019432067871, 0.9464361667633057, 0.8804740905761719, 0.8421239852905273, 0.8651340007781982, 0.891211986541748, 0.8820080757141113, 1.1796040534973145, 1.06455397605896, 0.9356980323791504, 0.9525721073150635, 0.91115403175354, 0.8451919555664062, 0.8482601642608643, 0.8835420608520508, 0.8712701797485352, 1.0568840503692627, 1.198012113571167, 0.9387660026550293, 0.9525721073150635, 0.9372320175170898, 0.8636000156402588, 0.8451919555664062, 0.8789401054382324, 0.8820080757141113, 1.0139319896697998, 1.2026140689849854, 0.9525721073150635, 0.951038122177124, 0.9387660026550293, 0.8436579704284668, 0.8497941493988037, 0.8958139419555664, 0.8605320453643799, 1.138185977935791, 1.1657980680465698, 0.9356980323791504, 0.9602420330047607, 0.9157559871673584, 0.8436579704284668, 0.8543961048126221, 0.894279956817627, 0.8666679859161377, 1.0507481098175049, 1.2056820392608643, 0.9602420330047607, 0.9571740627288818, 0.9188239574432373, 0.8543961048126221, 0.857464075088501, 0.8682019710540771, 0.8666679859161377, 1.024670124053955, 1.1903420686721802, 0.9341640472412109, 0.9464361667633057, 0.9080860614776611, 0.8589980602264404, 0.8559300899505615, 0.8820080757141113, 0.8513281345367432, 1.0369420051574707, 1.198012113571167, 0.9264941215515137, 0.9525721073150635, 0.9372320175170898, 0.8651340007781982, 0.857464075088501, 0.8758721351623535, 0.8682019710540771, 0.9203581809997559, 1.2072160243988037, 1.0384759902954102, 0.9633100032806396, 0.9356980323791504, 0.8390560150146484, 0.8651340007781982, 0.8958139419555664, 0.8866100311279297, 1.2056820392608643, 0.9970581531524658, 0.9464361667633057, 0.9326300621032715, 0.8497941493988037, 0.8329200744628906, 0.8697359561920166, 0.9004161357879639, 0.8482601642608643, 1.1949440240859985, 1.0783600807189941, 0.9372320175170898, 0.9541060924530029, 0.8804740905761719, 0.8513281345367432, 0.8543961048126221, 0.8835420608520508, 0.8636000156402588, 1.1443220376968384, 1.1197781562805176]

Device/SubDeviceList/RHipRoll/ElectricCurrent/Sensor/Value = [0.12800000607967377, 0.0, 0.1600000113248825, 0.12800000607967377, 0.7040000557899475, 0.5600000023841858, 0.01600000075995922, 0.0, 0.19200000166893005, 0.03200000151991844, 0.0, 0.3840000033378601, 0.4000000059604645, 0.0, 0.2720000147819519, 0.2880000174045563, 0.0, 0.0, 0.0, 0.25600001215934753, 0.03200000151991844, 0.0, 0.1120000034570694, 0.64000004529953, 0.0, 0.0, 0.0, 0.01600000075995922, 0.1120000034570694, 0.8800000548362732, 0.0, 1.2160000801086426, 0.6720000505447388, 0.14400000870227814, 0.5760000348091125, 0.0, 0.0, 0.09600000083446503, 1.1680001020431519, 0.0, 1.055999994277954, 0.5120000243186951, 0.09600000083446503, 0.0, 0.0, 0.0, 0.0, 0.0, 0.0, 0.8480000495910645, 0.2240000069141388, 0.01600000075995922, 0.1120000034570694, 0.06400000303983688, 0.0, 0.01600000075995922, 0.7200000286102295, 0.0, 0.25600001215934753, 0.2240000069141388, 0.06400000303983688, 0.06400000303983688, 0.0, 0.0, 0.0, 1.28000009059906, 0.0, 1.152000069618225, 0.5440000295639038, 0.01600000075995922, 0.0, 0.0, 0.0, 0.0, 0.46400001645088196, 0.0, 1.2000000476837158, 0.6240000128746033, 0.08000000566244125, 0.0, 0.0, 0.14400000870227814, 0.0, 0.6880000233650208, 0.527999997138977, 0.8960000276565552, 0.01600000075995922, 0.3360000252723694, 0.01600000075995922, 0.0, 0.0, 0.0, 0.4320000112056732, 0.5600000023841858, 0.7040000557899475, 0.0, 0.04800000041723251, 0.14400000870227814, 0.0, 0.01600000075995922, 0.0, 0.0, 0.64000004529953, 0.0, 0.08000000566244125, 0.0, 0.0, 0.0, 0.01600000075995922, 0.0, 0.3840000033378601, 0.0]

Device/SubDeviceList/LFoot/FSR/CenterOfPressure/X/Sensor/Value = [-0.025208188220858574, -0.029895061627030373, -0.029651951044797897, -0.029650000855326653, -0.029913270846009254, -0.029868202283978462, -0.029865369200706482, 0.00010783372272271663, 0.020433468744158745, -0.006397500168532133, -0.02976173348724842, -0.02973468042910099, -0.029650000855326653, -0.029652254655957222, -0.029650000855326653, -0.007905754260718822, 0.026881994679570198, 0.016601555049419403, -0.006830235943198204, -0.02969571016728878, -0.029650000855326653, -0.029685985296964645, -0.029655855149030685, -0.029654039070010185, -0.02999786287546158, -0.0026447440031915903, 0.03370351344347, 0.023880954831838608, -0.020080147311091423, -0.029823968186974525, -0.029650000855326653, -0.029650000855326653, -0.029650000855326653, -0.029651639983057976, -0.02085808850824833, 0.02821212448179722, 0.012848692014813423, -0.0016084396047517657, -0.029650000855326653, -0.029692357406020164, -0.029650000855326653, -0.02965102531015873, -0.029804211109876633, -0.0071746367029845715, 0.013534566387534142, 0.0024269605055451393, -0.0003912684042006731, -0.029650000855326653, -0.029650000855326653, -0.029709557071328163, -0.029657261446118355, -0.006217769347131252, 0.004685067106038332, 0.011100808158516884, 0.009731779806315899, -0.006678193341940641, 0.0, -0.029687127098441124, -0.029679331928491592, -0.029718616977334023, -0.02987292967736721, -0.023424195125699043, 0.02097129449248314, -0.02967255190014839, 0.0034921278711408377, -0.029650000855326653, -0.029650000855326653, -0.029717642813920975, -0.029656443744897842, -0.01623130403459072, -0.00711052818223834, 0.010182003490626812, 0.0064637549221515656, -0.02968420460820198, -0.029660217463970184, -0.029695363715291023, -0.02970188483595848, -0.02965080365538597, -0.029842060059309006, -0.0032887915149331093, 0.005590840708464384, 0.003519793041050434, -0.029680166393518448, -0.029653988778591156, -0.029672138392925262, -0.029695767909288406, -0.030062779784202576, -0.029664482921361923, -0.00920504704117775, 0.02000376768410206, 0.0019788816571235657, -0.02983490563929081, -0.029728619381785393, -0.02969808131456375, -0.02969500981271267, -0.006388360634446144, 0.003908481448888779, 0.020450619980692863, 0.006769662722945213, 0.001064634183421731, -0.029764672741293907, -0.02973613142967224, -0.029687628149986267, -0.029650000855326653, -0.02995639480650425, -0.02203160896897316, -0.0032608334440737963, 0.020271988585591316, -0.029683362692594528, -0.02770812064409256, -0.02974509261548519, -0.0296794343739748]

Device/SubDeviceList/RAnkleRoll/ElectricCurrent/Sensor/Value = [0.01600000075995922, 0.0, 0.04800000041723251, 0.3360000252723694, 0.0, 0.0, 0.09600000083446503, 0.06400000303983688, 0.0, 0.06400000303983688, 0.6880000233650208, 0.0, 0.2880000174045563, 0.20800000429153442, 0.0, 0.0, 0.0, 0.17600001394748688, 0.20800000429153442, 0.01600000075995922, 0.0, 0.20800000429153442, 0.35200002789497375, 0.24000000953674316, 0.03200000151991844, 0.3680000305175781, 0.1600000113248825, 0.2880000174045563, 0.8480000495910645, 0.0, 0.0, 0.19200000166893005, 0.0, 0.01600000075995922, 0.08000000566244125, 0.0, 0.20800000429153442, 0.09600000083446503, 0.04800000041723251, 0.0, 0.19200000166893005, 0.1600000113248825, 0.08000000566244125, 0.2880000174045563, 0.320000022649765, 0.0, 0.0, 0.0, 0.7680000066757202, 0.2880000174045563, 0.14400000870227814, 0.06400000303983688, 0.4960000216960907, 0.0, 0.41600000858306885, 0.0, 0.0, 0.1600000113248825, 0.25600001215934753, 0.0, 0.0, 0.06400000303983688, 0.2240000069141388, 0.0, 0.0, 0.0, 0.41600000858306885, 0.5600000023841858, 0.12800000607967377, 0.0, 0.0, 0.12800000607967377, 0.0, 0.0, 0.0, 0.0, 0.35200002789497375, 0.04800000041723251, 0.09600000083446503, 0.0, 0.0, 0.3840000033378601, 0.04800000041723251, 0.0, 0.0, 0.0, 0.0, 0.0, 0.3360000252723694, 0.04800000041723251, 0.06400000303983688, 0.0, 0.24000000953674316, 0.4480000138282776, 0.0, 0.24000000953674316, 0.0, 0.3840000033378601, 0.04800000041723251, 0.0, 0.0, 0.1120000034570694, 0.0, 0.08000000566244125, 0.0, 0.09600000083446503, 0.14400000870227814, 0.0, 0.1120000034570694, 0.17600001394748688, 0.01600000075995922, 0.3680000305175781]

Device/SubDeviceList/RFoot/FSR/TotalWeight/Sensor/Value = [0.2082768827676773, 0.05942559614777565, 1.0490950345993042, 1.4315146207809448, 1.517245888710022, 0.34353458881378174, 0.31014445424079895, 0.021481147035956383, 0.048334695398807526, 0.22655682265758514, 0.21779468655586243, 1.422135353088379, 1.2209092378616333, 1.4966058731079102, 1.0802533626556396, 0.027783554047346115, 0.028475776314735413, 0.03555452823638916, 0.3036068379878998, 0.5537669062614441, 2.138627290725708, 1.3428598642349243, 1.5104477405548096, 0.7852520942687988, 0.20433048903942108, 0.013467622920870781, 0.04769724979996681, 0.043029725551605225, 0.2581208348274231, 2.265314817428589, 1.0604568719863892, 1.9135336875915527, 1.657232403755188, 0.4444202482700348, 0.019404655322432518, 0.03470102697610855, 0.02367858774960041, 0.3456908166408539, 1.4676382541656494, 0.9919555187225342, 2.1473286151885986, 2.2997512817382812, 0.522661566734314, 0.017231954261660576, 0.02172565460205078, 0.019372861832380295, 0.09418771415948868, 2.383070707321167, 2.6979310512542725, 3.52728271484375, 0.9259776473045349, 0.09962895512580872, 0.013475882820785046, 0.025473913177847862, 0.3408021926879883, 0.49250441789627075, 2.2333059310913086, 1.089073896408081, 1.3693749904632568, 0.39234986901283264, 0.4843645691871643, 0.02950097620487213, 0.03252080827951431, 0.6463114619255066, 0.2555782198905945, 2.2442140579223633, 0.9797067046165466, 2.657576322555542, 3.0709786415100098, 0.10900619626045227, 0.025929119437932968, 0.03709612041711807, 0.03416368365287781, 0.4980568289756775, 2.450289726257324, 1.0929315090179443, 2.3428945541381836, 3.1161084175109863, 0.32724621891975403, 0.040917858481407166, 0.02579607628285885, 0.03651690483093262, 0.8272751569747925, 1.2134236097335815, 1.6233468055725098, 1.4929494857788086, 0.3322743773460388, 1.0567638874053955, 0.023962009698152542, 0.027507977560162544, 0.10745920240879059, 0.2192952185869217, 2.4081101417541504, 3.1979880332946777, 2.8714466094970703, 0.18440744280815125, 0.014917023479938507, 0.0232002642005682, 0.03555142879486084, 0.022357789799571037, 0.88362056016922, 3.4940390586853027, 3.437714099884033, 0.9745893478393555, 0.2740251421928406, 0.06820506602525711, 0.04540921747684479, 0.021850870922207832, 0.513525128364563, 0.09240954369306564, 1.2490358352661133, 1.7829242944717407]

Device/SubDeviceList/RHipPitch/ElectricCurrent/Sensor/Value = [0.14400000870227814, 0.08000000566244125, 0.09600000083446503, 0.20800000429153442, 0.41600000858306885, 0.3840000033378601, 0.41600000858306885, 0.0, 0.03200000151991844, 0.4480000138282776, 0.0, 0.0, 0.0, 0.0, 0.08000000566244125, 0.0, 0.0, 0.09600000083446503, 0.0, 0.1600000113248825, 0.0, 0.03200000151991844, 0.3680000305175781, 0.35200002789497375, 0.4960000216960907, 0.06400000303983688, 0.0, 0.0, 0.0, 0.2720000147819519, 0.0, 0.0, 0.0, 0.0, 0.0, 0.3840000033378601, 0.0, 0.3360000252723694, 0.08000000566244125, 0.0, 0.0, 0.0, 0.0, 0.03200000151991844, 0.06400000303983688, 0.1600000113248825, 0.19200000166893005, 0.14400000870227814, 0.0, 0.1600000113248825, 0.14400000870227814, 0.17600001394748688, 0.1120000034570694, 0.0, 0.0, 0.3840000033378601, 0.14400000870227814, 0.06400000303983688, 0.0, 0.06400000303983688, 0.30400002002716064, 0.0, 0.0, 0.3680000305175781, 0.14400000870227814, 0.14400000870227814, 0.0, 0.0, 0.0, 0.0, 0.03200000151991844, 0.0, 0.41600000858306885, 0.09600000083446503, 0.0, 0.0, 0.25600001215934753, 0.1120000034570694, 0.09600000083446503, 0.06400000303983688, 0.06400000303983688, 0.08000000566244125, 0.03200000151991844, 0.20800000429153442, 0.0, 0.0, 0.0, 0.3360000252723694, 0.0, 0.4320000112056732, 0.41600000858306885, 0.17600001394748688, 0.17600001394748688, 0.0, 0.320000022649765, 0.0, 0.09600000083446503, 0.0, 0.14400000870227814, 0.0, 0.41600000858306885, 0.0, 0.0, 0.1600000113248825, 0.0, 0.01600000075995922, 0.0, 0.06400000303983688, 0.17600001394748688, 0.0, 0.3680000305175781, 0.0]

Device/SubDeviceList/RFoot/FSR/CenterOfPressure/Y/Sensor/Value = [0.018880095332860947, 0.019099999219179153, -0.020392149686813354, -0.0002606332709547132, 0.005587445106357336, 0.006934447679668665, 0.016821961849927902, 0.016154592856764793, 0.01715061254799366, 0.019029002636671066, 0.005042515695095062, -0.015866350382566452, -0.004972964059561491, -0.01356271281838417, -0.008107205852866173, 0.014158235862851143, 0.010371028445661068, 0.019099999219179153, 0.018608979880809784, 0.0002662254555616528, -0.023412806913256645, -0.019902581349015236, -0.0031416600104421377, -0.017244597896933556, 0.016663333401083946, 0.019099999219179153, 0.01067071221768856, 0.018058499321341515, 0.019099999219179153, -0.02367096021771431, -0.00047314309631474316, -0.018928969278931618, -0.028908226639032364, 0.007614396046847105, 0.015160830691456795, 0.014587347395718098, 0.01811499148607254, 0.019099999219179153, -0.022089695557951927, -0.008146999403834343, -0.023972859606146812, -0.029900001361966133, 0.006224369630217552, 0.016160426661372185, 0.019099999219179153, 0.015502961352467537, 0.007091732695698738, -0.029900001361966133, -0.029900001361966133, -0.029899997636675835, -0.013220000080764294, 0.017284274101257324, 0.019099999219179153, 0.016857974231243134, 0.01843041181564331, 0.018711939454078674, -0.02378905937075615, -0.01857045665383339, -0.01728101447224617, 0.0027786430437117815, 0.01276424154639244, 0.018419714644551277, 0.015398470684885979, -0.029293565079569817, 0.018434220924973488, -0.016352800652384758, -0.013472482562065125, -0.02981453761458397, -0.029899997636675835, -1.5813029676792212e-06, 0.012450234033167362, 0.014041786082088947, 0.019099999219179153, -0.017865413799881935, -0.025815138593316078, 8.088481263257563e-05, -0.02447354793548584, -0.029899999499320984, 0.005393825005739927, 0.01589047536253929, 0.016459088772535324, 0.018477046862244606, 4.724281461676583e-05, -0.01751069724559784, -0.006720378994941711, -0.0007119389483705163, 0.016476646065711975, -0.017412176355719566, 0.019099999219179153, 0.012350366450846195, 0.01833844929933548, 0.009732023812830448, -0.029899995774030685, -0.029899999499320984, -0.029899995774030685, 0.016503263264894485, 0.01512144971638918, 0.019099999219179153, -0.02975877746939659, 0.010216926224529743, -0.029776645824313164, -0.029899999499320984, -0.029899999499320984, -0.020080719143152237, 0.016763929277658463, -0.029899999499320984, 0.019099999219179153, -0.014121806249022484, -0.0009057207498699427, 0.019099999219179153, -0.02140725776553154, -0.02891160175204277]

Device/SubDeviceList/LAnklePitch/Position/Sensor/Value = [-0.6151759624481201, -0.6136419773101807, -0.7440319061279297, -0.6397199630737305, -0.5001258850097656, -0.5123980045318604, -0.5200679302215576, -0.5262038707733154, -0.5553500652313232, -0.6013698577880859, -0.6090400218963623, -0.7286920547485352, -0.5737578868865967, -0.5216019153594971, -0.5476799011230469, -0.5384759902954102, -0.5492138862609863, -0.5829620361328125, -0.6121079921722412, -0.6427879333496094, -0.7378959655761719, -0.5829620361328125, -0.5169999599456787, -0.5430779457092285, -0.5354080200195312, -0.5369420051574707, -0.5660879611968994, -0.5952339172363281, -0.6075060367584229, -0.7118179798126221, -0.6765360832214355, -0.5139319896697998, -0.5323400497436523, -0.5492138862609863, -0.5354080200195312, -0.5522818565368652, -0.5921659469604492, -0.6121079921722412, -0.6934099197387695, -0.6995458602905273, -0.5139319896697998, -0.5323400497436523, -0.5476799011230469, -0.5369420051574707, -0.5706899166107178, -0.6105740070343018, -0.6121079921722412, -0.7363619804382324, -0.6642639636993408, -0.5262038707733154, -0.5538160800933838, -0.5507478713989258, -0.5354080200195312, -0.5676219463348389, -0.604438066482544, -0.6059720516204834, -0.7026140689849854, -0.694943904876709, -0.5185339450836182, -0.5476799011230469, -0.5430779457092285, -0.5354080200195312, -0.5584180355072021, -0.5783600807189941, -0.5952339172363281, -0.6888079643249512, -0.6826720237731934, -0.507796049118042, -0.5323400497436523, -0.5384759902954102, -0.5369420051574707, -0.5538160800933838, -0.5860300064086914, -0.5890979766845703, -0.7010800838470459, -0.6918759346008301, -0.507796049118042, -0.5323400497436523, -0.5538160800933838, -0.5354080200195312, -0.5461459159851074, -0.5798940658569336, -0.5921659469604492, -0.6550600528717041, -0.7302260398864746, -0.5630199909210205, -0.5400099754333496, -0.5476799011230469, -0.5492138862609863, -0.5875639915466309, -0.6167099475860596, -0.6259140968322754, -0.7455658912658691, -0.5354080200195312, -0.5415439605712891, -0.5553500652313232, -0.5369420051574707, -0.5476799011230469, -0.5798940658569336, -0.6059720516204834, -0.6105740070343018, -0.7394299507141113, -0.5906319618225098, -0.5231359004974365, -0.5492138862609863, -0.5338740348815918, -0.5461459159851074, -0.5584180355072021, -0.5936999320983887, -0.6029040813446045, -0.7256240844726562, -0.6136419773101807]

Device/SubDeviceList/RAnklePitch/Position/Sensor/Value = [-0.5245859622955322, -0.536858081817627, -0.533790111541748, -0.533790111541748, -0.5445280075073242, -0.5598680973052979, -0.5813441276550293, -0.6687819957733154, -0.5092461109161377, -0.5031099319458008, -0.516916036605835, -0.516916036605835, -0.5276541709899902, -0.5660040378570557, -0.5828781127929688, -0.6396360397338867, -0.6150920391082764, -0.4693620204925537, -0.5107800960540771, -0.5261199474334717, -0.5322561264038086, -0.5414600372314453, -0.5614020824432373, -0.5813441276550293, -0.5997519493103027, -0.6856560707092285, -0.5230519771575928, -0.4954400062561035, -0.5215179920196533, -0.5261199474334717, -0.5276541709899902, -0.5475959777832031, -0.5782761573791504, -0.5752079486846924, -0.6687819957733154, -0.5890140533447266, -0.4831681251525879, -0.516916036605835, -0.5261199474334717, -0.5307221412658691, -0.5445280075073242, -0.5767421722412109, -0.5721399784088135, -0.687190055847168, -0.5015759468078613, -0.5107800960540771, -0.5383920669555664, -0.5383920669555664, -0.5429940223693848, -0.5614020824432373, -0.5736739635467529, -0.5782761573791504, -0.6902580261230469, -0.5230519771575928, -0.5015759468078613, -0.5199840068817139, -0.533790111541748, -0.5445280075073242, -0.5552661418914795, -0.5782761573791504, -0.5736739635467529, -0.6856560707092285, -0.5184500217437744, -0.49083805084228516, -0.49390602111816406, -0.5153820514678955, -0.5261199474334717, -0.5429940223693848, -0.5767421722412109, -0.610490083694458, -0.6841220855712891, -0.5291881561279297, -0.49083805084228516, -0.5153820514678955, -0.5107800960540771, -0.516916036605835, -0.5475959777832031, -0.5782761573791504, -0.5736739635467529, -0.6825881004333496, -0.570605993270874, -0.460158109664917, -0.5046441555023193, -0.5092461109161377, -0.5291881561279297, -0.5521979331970215, -0.5660040378570557, -0.5813441276550293, -0.6319661140441895, -0.47089600563049316, -0.5215179920196533, -0.5383920669555664, -0.5383920669555664, -0.550663948059082, -0.5813441276550293, -0.5644700527191162, -0.6703159809112549, -0.6427040100097656, -0.4862360954284668, -0.5000419616699219, -0.5307221412658691, -0.5353240966796875, -0.5460619926452637, -0.5675380229949951, -0.5752079486846924, -0.6381020545959473, -0.6595780849456787, -0.4923720359802246, -0.49697399139404297, -0.5000419616699219, -0.5230519771575928, -0.5291881561279297]

Device/SubDeviceList/LFoot/FSR/CenterOfPressure/Y/Sensor/Value = [0.028113793581724167, 0.0009132414124906063, -0.018940815702080727, -0.019099999219179153, 0.0024005151353776455, -0.0012801159173250198, -0.0015114527195692062, 0.006964769214391708, 0.0005891825421713293, 0.009571914561092854, -0.009975027292966843, -0.012184632010757923, -0.017664888873696327, -0.014540912583470345, -0.019099997356534004, 0.02084990218281746, -0.0016223221318796277, 0.013532833196222782, 0.029900001361966133, -0.0153669323772192, -0.019099999219179153, -0.018417002633213997, -0.019099999219179153, -0.018770208582282066, 0.00930867437273264, 0.006868256255984306, 0.005585659760981798, 0.00192607834469527, 0.020279863849282265, -0.004892637487500906, -0.019099999219179153, -0.019099999219179153, -0.019099999219179153, -0.01589212939143181, 0.019109508022665977, 0.00040258513763546944, 0.0055764527060091496, 0.02439826726913452, -0.019099999219179153, -0.01564093492925167, -0.015070726163685322, -0.019016427919268608, -0.006506002973765135, 0.016524657607078552, 0.02977887913584709, 0.029900001361966133, 0.01810298301279545, -0.019099999219179153, -0.019099999219179153, -0.014236418530344963, -0.018507037311792374, 0.02986108884215355, 0.014838321134448051, 0.005680781789124012, 0.01915103569626808, -0.007871739566326141, 0.0, -0.019099999219179153, -0.016704680398106575, -0.013496315106749535, -0.0008940075640566647, 0.007991533726453781, -0.005307163577526808, -0.017258252948522568, 0.009629308246076107, -0.019099999219179153, -0.019099999219179153, -0.013575907796621323, -0.019099999219179153, 0.023968469351530075, 0.029899999499320984, 0.029899999499320984, 0.029900001361966133, -0.016306757926940918, -0.0182656180113554, -0.015395489521324635, -0.019086187705397606, -0.019034558907151222, 0.0005714938743039966, 0.029899999499320984, 0.029899999499320984, 0.029899999499320984, -0.01663663610816002, -0.018774181604385376, -0.017292028293013573, -0.019099999219179153, 0.0146104134619236, -0.017917338758707047, -0.0049962387420237064, 0.02170051448047161, 0.029899997636675835, -0.003999112173914909, -0.015442430041730404, -0.019099999219179153, -0.015424396842718124, 0.029899999499320984, 0.029899999499320984, 0.013763206079602242, 0.029899999499320984, 0.029899999499320984, -0.009734895080327988, -0.01416750904172659, -0.016027068719267845, -0.019099999219179153, 0.006824634503573179, 0.014153721742331982, -0.011924914084374905, -0.014320564456284046, -0.01137938629835844, 0.02512521855533123, -0.011334363371133804, -0.019099999219179153]

Device/SubDeviceList/LAnkleRoll/ElectricCurrent/Sensor/Value = [0.0, 0.04800000041723251, 0.0, 0.0, 0.0, 0.09600000083446503, 0.0, 0.0, 0.04800000041723251, 0.09600000083446503, 0.0, 0.0, 0.01600000075995922, 0.0, 0.0, 0.0, 0.30400002002716064, 0.08000000566244125, 0.0, 0.0, 0.320000022649765, 0.0, 0.0, 0.17600001394748688, 0.0, 0.0, 0.12800000607967377, 0.09600000083446503, 0.09600000083446503, 0.0, 0.25600001215934753, 0.0, 0.0, 0.0, 0.0, 0.1600000113248825, 0.01600000075995922, 0.0, 0.0, 0.0, 0.0, 0.0, 0.01600000075995922, 0.0, 0.2720000147819519, 0.7520000338554382, 0.0, 0.0, 0.0, 0.01600000075995922, 0.0, 0.0, 0.25600001215934753, 0.08000000566244125, 0.06400000303983688, 0.0, 0.0, 0.08000000566244125, 0.12800000607967377, 0.04800000041723251, 0.08000000566244125, 0.0, 0.04800000041723251, 0.0, 0.0, 0.0, 0.46400001645088196, 0.0, 0.25600001215934753, 0.0, 0.3840000033378601, 0.320000022649765, 0.09600000083446503, 0.0, 0.0, 0.12800000607967377, 0.0, 0.0, 0.0, 0.0, 0.5600000023841858, 0.0, 0.0, 0.08000000566244125, 0.4320000112056732, 0.01600000075995922, 0.0, 0.0, 0.0, 0.2880000174045563, 0.20800000429153442, 0.01600000075995922, 0.1120000034570694, 0.0, 0.0, 0.0, 0.0, 0.1600000113248825, 0.12800000607967377, 0.1120000034570694, 0.0, 0.0, 0.41600000858306885, 0.01600000075995922, 0.03200000151991844, 0.03200000151991844, 0.0, 0.0, 0.04800000041723251, 0.0, 0.08000000566244125, 0.1120000034570694]

Device/SubDeviceList/RKneePitch/Position/Sensor/Value = [0.8468098640441895, 0.8544800281524658, 0.8575479984283447, 0.8560140132904053, 0.8652181625366211, 0.8560140132904053, 0.8590822219848633, 1.1244640350341797, 0.9725980758666992, 0.8621501922607422, 0.8606162071228027, 0.8498780727386475, 0.848344087600708, 0.8698201179504395, 0.84527587890625, 0.955723762512207, 1.1045217514038086, 0.8222661018371582, 0.8652181625366211, 0.8652181625366211, 0.848344087600708, 0.8468098640441895, 0.8636841773986816, 0.8621501922607422, 0.8606162071228027, 1.1213960647583008, 0.9449858665466309, 0.8437418937683105, 0.8606162071228027, 0.8544800281524658, 0.8437418937683105, 0.8575479984283447, 0.8698201179504395, 0.8222661018371582, 1.0308899879455566, 1.0508317947387695, 0.8222661018371582, 0.8652181625366211, 0.8560140132904053, 0.8391399383544922, 0.8514120578765869, 0.8744220733642578, 0.8176639080047607, 1.1137261390686035, 0.9066357612609863, 0.8422079086303711, 0.8652181625366211, 0.8575479984283447, 0.8544800281524658, 0.8636841773986816, 0.8529460430145264, 0.788517951965332, 1.089181900024414, 0.9281120300292969, 0.8652181625366211, 0.8698201179504395, 0.8560140132904053, 0.848344087600708, 0.8529460430145264, 0.8606162071228027, 0.8161299228668213, 1.1336679458618164, 0.9725980758666992, 0.8652181625366211, 0.8391399383544922, 0.84527587890625, 0.8376059532165527, 0.8544800281524658, 0.8774900436401367, 0.8606162071228027, 1.1275320053100586, 0.9818019866943359, 0.8207318782806396, 0.8606162071228027, 0.8406739234924316, 0.8360719680786133, 0.8575479984283447, 0.8774900436401367, 0.808459997177124, 1.078444004058838, 1.0600361824035645, 0.8161299228668213, 0.8652181625366211, 0.8468098640441895, 0.8406739234924316, 0.8544800281524658, 0.8575479984283447, 0.8422079086303711, 1.0953178405761719, 0.8176639080047607, 0.8498780727386475, 0.8636841773986816, 0.8544800281524658, 0.8590822219848633, 0.8652181625366211, 0.7808480262756348, 1.0109481811523438, 1.0937838554382324, 0.8590822219848633, 0.848344087600708, 0.8728880882263184, 0.8514120578765869, 0.8529460430145264, 0.8652181625366211, 0.8468098640441895, 0.9342479705810547, 1.1305999755859375, 0.8805580139160156, 0.8560140132904053, 0.8299360275268555, 0.84527587890625, 0.8360719680786133]

Device/SubDeviceList/LAnklePitch/ElectricCurrent/Sensor/Value = [0.4320000112056732, 0.0, 0.3360000252723694, 0.01600000075995922, 0.320000022649765, 0.4480000138282776, 0.2240000069141388, 0.320000022649765, 0.4320000112056732, 0.17600001394748688, 0.0, 0.25600001215934753, 0.0, 0.09600000083446503, 0.0, 0.6720000505447388, 0.3680000305175781, 0.3680000305175781, 0.24000000953674316, 0.0, 0.08000000566244125, 0.0, 0.04800000041723251, 0.0, 0.41600000858306885, 0.2720000147819519, 0.5120000243186951, 0.24000000953674316, 0.2720000147819519, 0.04800000041723251, 0.0, 0.3360000252723694, 0.0, 0.3360000252723694, 0.5920000076293945, 0.4320000112056732, 0.3840000033378601, 0.2720000147819519, 0.0, 0.03200000151991844, 0.0, 0.08000000566244125, 0.5120000243186951, 0.4000000059604645, 0.41600000858306885, 0.3840000033378601, 0.0, 0.08000000566244125, 0.01600000075995922, 0.0, 0.5120000243186951, 0.6720000505447388, 0.35200002789497375, 0.4000000059604645, 0.20800000429153442, 0.3680000305175781, 0.0, 0.04800000041723251, 0.0, 0.0, 0.48000001907348633, 0.12800000607967377, 0.320000022649765, 0.2720000147819519, 0.24000000953674316, 0.03200000151991844, 0.2720000147819519, 0.0, 0.19200000166893005, 0.2880000174045563, 0.35200002789497375, 0.3360000252723694, 0.2880000174045563, 0.1600000113248825, 0.1120000034570694, 0.41600000858306885, 0.3360000252723694, 0.4480000138282776, 0.7360000610351562, 0.64000004529953, 0.4480000138282776, 0.25600001215934753, 0.4480000138282776, 0.01600000075995922, 0.7360000610351562, 0.0, 0.14400000870227814, 0.08000000566244125, 0.35200002789497375, 0.4320000112056732, 0.2880000174045563, 0.0, 0.0, 0.0, 0.0, 0.7520000338554382, 0.8160000443458557, 0.3680000305175781, 0.24000000953674316, 0.19200000166893005, 0.0, 0.01600000075995922, 0.0, 0.0, 0.2720000147819519, 0.5120000243186951, 0.4320000112056732, 0.1600000113248825, 0.20800000429153442, 0.5440000295639038, 0.0, 0.0]

Device/SubDeviceList/LHipYawPitch/ElectricCurrent/Sensor/Value = [0.01600000075995922, 0.0, 0.0, 0.0, 0.48000001907348633, 0.04800000041723251, 0.06400000303983688, 0.0, 0.0, 0.0, 0.0, 0.3680000305175781, 0.0, 0.0, 0.0, 0.0, 0.0, 0.0, 0.0, 0.0, 0.0, 0.0, 0.0, 0.0, 0.0, 0.3840000033378601, 0.0, 0.0, 0.0, 0.19200000166893005, 0.0, 0.0, 0.35200002789497375, 0.4960000216960907, 0.09600000083446503, 0.0, 0.0, 0.0, 0.0, 0.0, 0.0, 0.04800000041723251, 0.06400000303983688, 0.0, 0.0, 0.0, 0.0, 0.08000000566244125, 0.4480000138282776, 0.0, 0.0, 0.0, 0.0, 0.0, 0.0, 0.0, 0.0, 0.0, 0.0, 0.0, 0.0, 0.0, 0.0, 0.0, 0.0, 0.0, 0.0, 0.0, 0.0, 0.0, 0.0, 0.0, 0.0, 0.0, 0.0, 0.0, 0.3360000252723694, 0.0, 0.0, 0.0, 0.0, 0.0, 0.0, 0.0, 0.0, 0.0, 0.0, 0.0, 0.01600000075995922, 0.0, 0.0, 0.0, 0.0, 0.0, 0.0, 0.0, 0.0, 0.0, 0.0, 0.0, 0.0, 0.0, 0.0, 0.0, 0.0, 0.0, 0.0, 0.0, 0.0, 0.0, 0.0, 0.0]

Device/SubDeviceList/RKneePitch/ElectricCurrent/Sensor/Value = [0.4480000138282776, 0.20800000429153442, 1.040000081062317, 0.3680000305175781, 0.0, 0.46400001645088196, 0.5920000076293945, 0.0, 0.06400000303983688, 0.0, 0.7520000338554382, 1.1360000371932983, 0.4320000112056732, 0.20800000429153442, 0.24000000953674316, 0.3680000305175781, 0.0, 0.0, 0.0, 0.9440000653266907, 0.784000039100647, 0.2880000174045563, 0.3680000305175781, 0.656000018119812, 0.01600000075995922, 0.0, 0.0, 0.0, 0.25600001215934753, 1.0240000486373901, 0.6240000128746033, 0.30400002002716064, 0.20800000429153442, 0.25600001215934753, 0.7200000286102295, 0.0, 0.08000000566244125, 0.06400000303983688, 0.7680000066757202, 0.7520000338554382, 0.5920000076293945, 0.4960000216960907, 0.0, 0.0, 0.0, 0.09600000083446503, 0.20800000429153442, 0.7360000610351562, 0.4480000138282776, 0.2720000147819519, 0.06400000303983688, 0.04800000041723251, 0.1600000113248825, 0.0, 0.1120000034570694, 0.5760000348091125, 0.9120000600814819, 0.35200002789497375, 0.24000000953674316, 0.41600000858306885, 0.09600000083446503, 0.0, 0.0, 0.5440000295639038, 0.0, 0.9600000381469727, 0.4480000138282776, 0.24000000953674316, 0.30400002002716064, 0.01600000075995922, 0.0, 0.0, 0.320000022649765, 0.7360000610351562, 0.9440000653266907, 0.46400001645088196, 0.2720000147819519, 0.2880000174045563, 0.0, 0.0, 0.0, 0.0, 0.527999997138977, 1.0720000267028809, 0.3680000305175781, 0.2720000147819519, 0.0, 0.7360000610351562, 0.19200000166893005, 0.0, 0.0, 0.6240000128746033, 0.800000011920929, 0.320000022649765, 0.784000039100647, 0.41600000858306885, 0.0, 0.1120000034570694, 0.0, 0.2240000069141388, 1.0240000486373901, 0.784000039100647, 0.3840000033378601, 0.25600001215934753, 0.4320000112056732, 0.03200000151991844, 0.0, 0.17600001394748688, 0.06400000303983688, 0.04800000041723251, 1.055999994277954, 0.5760000348091125]

Device/SubDeviceList/InertialSensor/GyroscopeZ/Sensor/Value = [0.039148468524217606, 0.03701794147491455, -0.001065264455974102, 0.08974853157997131, 0.046072687953710556, 0.029028456658124924, -0.06125270575284958, 0.28069719672203064, -0.1906823366880417, 0.06870955973863602, -0.0007989483419805765, -0.11052118986845016, 0.10492854565382004, -0.08282431215047836, 0.1360875368118286, -0.001597896683961153, -0.0764327272772789, -0.014647386036813259, 0.23089607059955597, 0.03328951448202133, -0.1257012039422989, 0.08388957381248474, -0.05406217277050018, 0.12090751528739929, -0.04740426689386368, 0.2149171084165573, -0.21917815506458282, 0.01571265049278736, -0.020772656425833702, 0.009587380103766918, 0.16458335518836975, -0.014647386036813259, -0.11584751307964325, -0.0878843143582344, 0.1600559800863266, -0.12836436927318573, -0.005858954507857561, 0.06391586363315582, 0.001065264455974102, 0.09294432401657104, 0.062317971140146255, -0.09640643000602722, -0.1065264493227005, 0.3371562063694, -0.2111886739730835, 0.10546118021011353, 0.013315806165337563, -0.1763012707233429, 0.030360037460923195, 0.06657902896404266, -0.18801917135715485, 0.08229167759418488, 0.14913702011108398, -0.1366201639175415, -0.010386328212916851, 0.09454222023487091, -0.013582121580839157, 0.2407497614622116, -0.003994741477072239, -0.09347695857286453, -0.0439421571791172, 0.2087918370962143, -0.17257283627986908, 0.0018642127979546785, -0.018908444792032242, 0.04314320906996727, 0.29214876890182495, 0.002130528911948204, -0.06764429062604904, -0.07856325060129166, 0.1185106709599495, -0.12889699637889862, 0.022104237228631973, -0.029561089351773262, 0.1161138266324997, 0.15899072587490082, 0.07456851005554199, -0.12889699637889862, -0.062317971140146255, 0.27483823895454407, -0.08894958347082138, 0.017843179404735565, -0.14514228701591492, 0.10759171098470688, -0.04127899929881096, 0.048469532281160355, -0.05832323059439659, -0.0884169489145279, 0.007723167538642883, -0.0950748547911644, 0.2016012966632843, -0.04127899929881096, -0.11504855751991272, 0.023968450725078583, -0.15206649899482727, 0.16511599719524384, 0.15206649899482727, -0.1906823366880417, -0.0162452831864357, 0.09161274135112762, 0.10013485699892044, -0.17710021138191223, 0.06897587329149246, 0.11025486886501312, 0.16804546117782593, -0.051665324717760086, -0.01810949668288231, -0.1414138525724411, 0.062584288418293, 0.10466223210096359, -0.20799288153648376, 0.18801917135715485]

Device/SubDeviceList/InertialSensor/AngleZ/Sensor/Value = [-1.0561457872390747, -1.0459831953048706, -1.0427234172821045, -1.0482841730117798, -1.0379297733306885, -1.0406142473220825, -1.04751718044281, -1.0329443216323853, -1.0538448095321655, -1.0567210912704468, -1.0423399209976196, -1.0455996990203857, -1.0350536108016968, -1.0321773290634155, -1.0344783067703247, -1.0388885736465454, -1.0218229293823242, -1.0465583801269531, -1.0329443216323853, -1.031602144241333, -1.0377380847930908, -1.0233569145202637, -1.02584969997406, -1.0266166925430298, -1.0317938327789307, -1.0137696266174316, -1.031026840209961, -1.0388885736465454, -1.023165225982666, -1.0206724405288696, -1.0227817296981812, -1.0103181600570679, -1.0197137594223022, -1.0191384553909302, -1.0158787965774536, -1.0085923671722412, -1.0287258625030518, -1.0143448114395142, -1.0143448114395142, -1.0214394330978394, -1.0047574043273926, -1.0139613151550293, -1.0149201154708862, -1.0016894340515137, -1.0082088708877563, -1.014728307723999, -0.9967040419578552, -1.0097428560256958, -1.0189467668533325, -1.0107016563415527, -1.0164541006088257, -1.0095511674880981, -0.9991967678070068, -1.0145366191864014, -1.0208642482757568, -1.012043833732605, -1.0133861303329468, -1.0141531229019165, -1.0051409006118774, -1.0131943225860596, -1.0151118040084839, -1.0043739080429077, -1.015687108039856, -1.0264248847961426, -1.028342366218567, -1.0158787965774536, -1.0270001888275146, -1.0084006786346436, -1.0227817296981812, -1.022589921951294, -1.0049492120742798, -1.0133861303329468, -1.0176045894622803, -1.0105098485946655, -1.0059078931808472, -1.0084006786346436, -0.9934443235397339, -1.0047574043273926, -1.0078253746032715, -0.9980462789535522, -0.9945948123931885, -1.0039904117584229, -1.0011142492294312, -1.0043739080429077, -1.006866693496704, -0.9894176125526428, -0.9957453012466431, -0.9990050196647644, -1.0064831972122192, -1.0116603374481201, -0.9993885159492493, -0.994403064250946, -1.0016894340515137, -1.000922441482544, -1.0055243968963623, -1.004565715789795, -0.9901846051216125, -0.9915268421173096, -1.0039904117584229, -1.0020729303359985, -0.9878836274147034, -1.000922441482544, -0.9997720122337341, -0.9947865605354309, -0.993060827255249, -0.9968957901000977, -0.986924946308136, -1.006291389465332, -1.0105098485946655, -0.9991967678070068, -0.9995802640914917, -0.9940195679664612]

Device/SubDeviceList/InertialSensor/AccelerometerY/Sensor/Value = [-1.350791096687317, -0.9292676448822021, 2.835703134536743, 0.9388477206230164, 0.6993457078933716, -1.1304492950439453, 1.1304492950439453, -2.2608985900878906, -1.3220508098602295, -1.1208691596984863, -0.7472461462020874, 0.5748047232627869, 1.2166699171066284, 1.6669336557388306, 0.5652246475219727, -1.4849121570587158, -1.8585352897644043, -1.6669336557388306, -2.433339834213257, -1.341210961341858, 0.028740234673023224, 1.590293049812317, 1.2549903392791748, 0.7951465249061584, -0.15328125655651093, 0.07664062827825546, -1.446591854095459, -1.111289143562317, -1.580712914466858, 2.634521484375, 1.31247079372406, 1.2549903392791748, 0.7472461462020874, 1.1783496141433716, -3.870351791381836, -0.8334668278694153, -2.1076173782348633, -0.9867480993270874, 1.446591854095459, 2.3471193313598633, 1.1591894626617432, 1.456171989440918, 1.2358301877975464, -0.6322851777076721, -2.14593768119812, -2.0309765338897705, -2.4908204078674316, 3.7553908824920654, 2.615361452102661, 1.9734961986541748, 2.136357545852661, -2.0884571075439453, -0.8909472823143005, -1.2933106422424316, -1.2166699171066284, -1.6765137910842896, 2.0501368045806885, 2.2513184547424316, 1.590293049812317, 0.6610254049301147, 0.09580078721046448, -0.2586621344089508, -1.2454102039337158, -0.009580078534781933, -0.6227051019668579, -1.6573536396026611, 1.446591854095459, 0.77598637342453, 0.6322851777076721, 1.2358301877975464, -3.5254688262939453, -3.123105525970459, -2.9698243141174316, 1.4944922924041748, 2.692002058029175, 1.1208691596984863, 1.2741504907608032, 1.0538086891174316, 1.0538086891174316, -2.9794044494628906, -2.0597169399261475, -2.5099806785583496, 0.15328125655651093, 0.2490820437669754, 0.10538086295127869, 0.44068360328674316, 0.4790039360523224, 0.1245410218834877, -3.621269702911377, -1.3603711128234863, -1.6094532012939453, -1.350791096687317, -0.21076172590255737, 2.912343978881836, 1.6669336557388306, -0.8430469036102295, -3.82245135307312, -1.925595760345459, -1.4753321409225464, -1.446591854095459, -2.2992188930511475, 1.1879297494888306, 1.935175895690918, 2.2896387577056885, -2.5866212844848633, -1.2262500524520874, -1.829795002937317, -2.3471193313598633, 1.8968555927276611, -2.5866212844848633, 3.171005964279175, 0.6610254049301147]

Device/SubDeviceList/RAnkleRoll/Position/Sensor/Value = [0.06293606758117676, -0.08893013000488281, -0.1518239974975586, -0.1487560272216797, -0.06285214424133301, 0.05066394805908203, 0.17184996604919434, 0.22093796730041504, 0.19025802612304688, 0.042994022369384766, -0.1349501609802246, -0.20551395416259766, -0.21932005882263184, -0.14108610153198242, 0.04606199264526367, 0.14423799514770508, 0.2055978775024414, 0.16571402549743652, 0.029187917709350586, -0.12267804145812988, -0.1840381622314453, -0.2009119987487793, -0.15029001235961914, 0.023051977157592773, 0.14117002487182617, 0.20713186264038086, 0.19332599639892578, 0.1334998607635498, -0.03984212875366211, -0.17330002784729004, -0.2208540439605713, -0.19170808792114258, -0.06592011451721191, 0.0844118595123291, 0.17491793632507324, 0.20099592208862305, 0.1365680694580078, -0.02143406867980957, -0.16409611701965332, -0.22545599937438965, -0.21625208854675293, -0.06438612937927246, 0.0813438892364502, 0.21480202674865723, 0.22093796730041504, 0.08901405334472656, -0.08739614486694336, -0.15949392318725586, -0.16869807243347168, -0.10120201110839844, 0.052197933197021484, 0.17798590660095215, 0.2546858787536621, 0.21940398216247559, 0.08748006820678711, -0.07819199562072754, -0.16563010215759277, -0.1779019832611084, -0.1487560272216797, 0.0123138427734375, 0.1304318904876709, 0.17798590660095215, 0.14117002487182617, 0.018450021743774414, -0.10733795166015625, -0.2070479393005371, -0.25153398513793945, -0.2239220142364502, -0.08739614486694336, 0.11355805397033691, 0.14117002487182617, 0.12582993507385254, 0.05986785888671875, -0.11807608604431152, -0.2269899845123291, -0.2638061046600342, -0.22545599937438965, -0.08739614486694336, 0.07827591896057129, 0.13963603973388672, 0.14270401000976562, 0.09054803848266602, -0.06285214424133301, -0.1779019832611084, -0.19631004333496094, -0.14568805694580078, -0.052114009857177734, 0.09208202362060547, 0.23934602737426758, 0.19025802612304688, 0.042994022369384766, -0.10733795166015625, -0.17330002784729004, -0.14108610153198242, 4.1961669921875e-05, 0.1334998607635498, 0.2516179084777832, 0.28690004348754883, 0.19792795181274414, 0.047595977783203125, -0.12421202659606934, -0.18250393867492676, -0.17943596839904785, -0.11500811576843262, 0.0813438892364502, 0.17491793632507324, 0.19179201126098633, 0.07980990409851074, -0.04904603958129883, -0.16256213188171387, -0.23619413375854492, -0.26840806007385254]

Device/SubDeviceList/RAnklePitch/ElectricCurrent/Sensor/Value = [0.20800000429153442, 0.48000001907348633, 0.30400002002716064, 0.0, 0.5440000295639038, 0.46400001645088196, 0.0, 0.03200000151991844, 0.1120000034570694, 0.0, 0.2880000174045563, 0.2880000174045563, 0.0, 0.30400002002716064, 0.6240000128746033, 0.0, 0.0, 0.0, 0.0, 0.2240000069141388, 0.41600000858306885, 0.30400002002716064, 0.2720000147819519, 0.30400002002716064, 0.14400000870227814, 0.0, 0.1120000034570694, 0.0, 0.2240000069141388, 0.30400002002716064, 0.1600000113248825, 0.2720000147819519, 0.3840000033378601, 0.0, 0.04800000041723251, 0.0, 0.0, 0.0, 0.41600000858306885, 0.4320000112056732, 0.24000000953674316, 0.2720000147819519, 0.03200000151991844, 0.0, 0.1600000113248825, 0.0, 0.3840000033378601, 0.19200000166893005, 0.20800000429153442, 0.17600001394748688, 0.0, 0.01600000075995922, 0.0, 0.0, 0.1120000034570694, 0.48000001907348633, 0.3840000033378601, 0.41600000858306885, 0.41600000858306885, 0.24000000953674316, 0.03200000151991844, 0.4480000138282776, 0.06400000303983688, 0.08000000566244125, 0.0, 0.2240000069141388, 0.2720000147819519, 0.19200000166893005, 0.24000000953674316, 0.0, 0.04800000041723251, 0.0, 0.1600000113248825, 0.48000001907348633, 0.2880000174045563, 0.1120000034570694, 0.30400002002716064, 0.2880000174045563, 0.0, 0.0, 0.0, 0.0, 0.0, 0.17600001394748688, 0.2720000147819519, 0.3840000033378601, 0.0, 0.46400001645088196, 0.01600000075995922, 0.12800000607967377, 0.0, 0.4960000216960907, 0.24000000953674316, 0.0, 0.3360000252723694, 0.0, 0.09600000083446503, 0.0, 0.01600000075995922, 0.0, 0.35200002789497375, 0.25600001215934753, 0.14400000870227814, 0.25600001215934753, 0.25600001215934753, 0.0, 0.01600000075995922, 0.8800000548362732, 0.0, 0.0, 0.4320000112056732, 0.30400002002716064]

Device/SubDeviceList/InertialSensor/AccelerometerX/Sensor/Value = [0.5748047232627869, 0.22034180164337158, -0.3832031488418579, -0.31614258885383606, -1.0154882669448853, -0.3448828160762787, 0.2395019680261612, -1.07296884059906, 0.16286133229732513, 0.1341211050748825, -0.03832031413912773, -0.3544628918170929, -0.17244140803813934, -0.3640429973602295, -0.3832031488418579, 1.2358301877975464, 0.3832031488418579, -0.04790039360523224, -0.44068360328674316, -0.10538086295127869, 0.4885840117931366, -0.07664062827825546, 0.3448828160762787, 0.44068360328674316, -0.28740236163139343, 0.3640429973602295, 0.268242210149765, -0.7376660704612732, -0.10538086295127869, 0.06706055253744125, -0.9963281750679016, 0.2299218773841858, -1.0250684022903442, 0.31614258885383606, 0.1245410218834877, 0.6322851777076721, 0.03832031413912773, 0.5269043445587158, -0.2586621344089508, 0.2395019680261612, -0.04790039360523224, -1.0346485376358032, -0.2299218773841858, 0.009580078534781933, 0.5939648747444153, 0.30656251311302185, 0.30656251311302185, 0.8047266006469727, 0.2299218773841858, -0.44068360328674316, -0.5077441334724426, -0.10538086295127869, 0.28740236163139343, 0.30656251311302185, 1.3220508098602295, -0.16286133229732513, 0.22034180164337158, -0.05748046934604645, 0.019160157069563866, -0.21076172590255737, -0.19160157442092896, -0.22034180164337158, 0.18202149868011475, -0.22034180164337158, 0.42152345180511475, -0.5173242688179016, 1.07296884059906, -0.3544628918170929, -0.8238867521286011, -0.30656251311302185, -1.542392611503601, 0.670605480670929, 0.04790039360523224, -0.7089257836341858, 0.3544628918170929, -0.4981640875339508, -0.8047266006469727, -0.910107433795929, -0.30656251311302185, 0.06706055253744125, 0.9005273580551147, -0.15328125655651093, 0.5556445717811584, -0.42152345180511475, -0.08622070401906967, 0.1149609386920929, -0.08622070401906967, -0.29698243737220764, 0.728085994720459, 0.7089257836341858, -0.3353027403354645, 0.31614258885383606, 0.14370118081569672, -0.09580078721046448, -0.3544628918170929, 0.3640429973602295, -0.5939648747444153, 1.2262500524520874, -0.09580078721046448, -0.3832031488418579, 0.32572266459465027, -0.29698243737220764, 0.44068360328674316, 0.3832031488418579, -0.10538086295127869, 0.5652246475219727, 0.9292676448822021, 0.9963281750679016, -0.4694238603115082, 0.03832031413912773, -1.7627344131469727, 0.967587947845459]

Device/SubDeviceList/InertialSensor/GyroscopeY/Sensor/Value = [-0.1342233270406723, -0.3070624768733978, -0.0348874107003212, -0.24501082301139832, -0.027696875855326653, 0.19121496379375458, 0.18988339602947235, 0.02876213937997818, 0.03328951448202133, 0.055926382541656494, -0.14594122767448425, -0.04367584362626076, -0.192546546459198, 0.03568635880947113, 0.1600559800863266, 0.11078750342130661, -0.027430560439825058, -0.08735168725252151, 0.0018642127979546785, -0.0788295716047287, 0.05619269981980324, 0.03755057230591774, 0.009587380103766918, -0.14727281033992767, -0.003195793367922306, 0.11291803419589996, 0.08735168725252151, 0.0034621094819158316, -0.09906959533691406, -0.10306433588266373, -0.1944107562303543, -0.022104237228631973, 0.12090751528739929, 0.11771172285079956, 0.20186761021614075, -0.049801114946603775, -0.04820321500301361, -0.06444849818944931, -0.010120011866092682, -0.05566006898880005, 0.017843179404735565, -0.013848437927663326, 0.04420847445726395, 0.28122982382774353, 0.026098979637026787, 0.02689792774617672, 0.04713795334100723, 0.02370213344693184, -0.13875070214271545, -0.2034655064344406, 0.15606124699115753, 0.14940333366394043, 0.04261057823896408, -0.11717908829450607, -0.04527373984456062, 0.023435818031430244, 0.049002163112163544, -0.08202536404132843, 0.04926848039031029, 0.0673779770731926, -0.1462075412273407, 0.10279802232980728, 0.01091896090656519, 0.08522115647792816, 0.007190534844994545, -0.09108011424541473, -0.07616640627384186, 0.0029294772539287806, 0.017310546711087227, 0.1065264493227005, 0.1065264493227005, 0.07723167538642883, -0.001065264455974102, -0.03009372018277645, -0.18029600381851196, -0.14194649457931519, 0.010120011866092682, 0.11664646118879318, 0.2183792144060135, 0.1432780623435974, 0.0029294772539287806, -0.10093380510807037, -0.1390170156955719, -0.13821806013584137, -0.022370554506778717, -0.04261057823896408, -0.003195793367922306, -0.0884169489145279, -0.009054748341441154, -0.01438106968998909, 0.0716390311717987, -0.06950850784778595, -0.07057376950979233, -0.2929477393627167, 0.11052118986845016, 0.17124126851558685, 0.10812434554100037, 0.05885586142539978, -0.18988339602947235, -0.06285060197114944, 0.014647386036813259, 0.07057376950979233, -0.06285060197114944, 0.013848437927663326, -0.09294432401657104, -0.037816889584064484, 0.049002163112163544, 0.059122178703546524, -0.007456851191818714, -0.2918824553489685, 0.10572749376296997, 0.05406217277050018]

Device/SubDeviceList/RHipRoll/Position/Sensor/Value = [-0.1058039665222168, 0.052197933197021484, 0.1043539047241211, 0.1304318904876709, 0.10281991958618164, 0.03992605209350586, -0.09660005569458008, -0.1779019832611084, -0.18710613250732422, -0.11807608604431152, 0.09821796417236328, 0.13810205459594727, 0.17798590660095215, 0.1825878620147705, 0.0614018440246582, -0.07512402534484863, -0.19477605819702148, -0.16256213188171387, -0.09353208541870117, 0.08901405334472656, 0.12276196479797363, 0.13810205459594727, 0.15497589111328125, 0.07980990409851074, -0.07052206993103027, -0.16716408729553223, -0.17943596839904785, -0.13955211639404297, -0.02143406867980957, 0.11509203910827637, 0.16111207008361816, 0.1733839511871338, 0.16264605522155762, 0.007711887359619141, -0.09353208541870117, -0.19477605819702148, -0.15029001235961914, -0.03217196464538574, 0.11509203910827637, 0.14883995056152344, 0.18412208557128906, 0.17184996604919434, -0.0014920234680175781, -0.15642595291137695, -0.2070479393005371, -0.16102814674377441, 0.03992605209350586, 0.08748006820678711, 0.09821796417236328, 0.08594608306884766, 0.06293606758117676, -0.10733795166015625, -0.1840381622314453, -0.21318411827087402, -0.14415407180786133, 0.015382051467895508, 0.1104898452758789, 0.12276196479797363, 0.12276196479797363, 0.11202406883239746, -0.05364799499511719, -0.15029001235961914, -0.1518239974975586, -0.05364799499511719, 0.07367396354675293, 0.17031598091125488, 0.18105387687683105, 0.1994619369506836, 0.18565607070922852, -0.04137611389160156, -0.11500811576843262, -0.11500811576843262, -0.05364799499511719, 0.07213997840881348, 0.16724801063537598, 0.2025299072265625, 0.20406389236450195, 0.1795198917388916, 0.0031099319458007812, -0.09506607055664062, -0.14108610153198242, -0.06438612937927246, 0.0123138427734375, 0.17491793632507324, 0.17184996604919434, 0.16111207008361816, 0.127363920211792, 0.009245872497558594, -0.21778607368469238, -0.19324207305908203, -0.11347413063049316, 0.06907200813293457, 0.09821796417236328, 0.10128593444824219, 0.08901405334472656, -0.06438612937927246, -0.18250393867492676, -0.2852821350097656, -0.2009119987487793, -0.12727999687194824, 0.08594608306884766, 0.10895586013793945, 0.11816000938415527, 0.14883995056152344, 0.052197933197021484, -0.11807608604431152, -0.16563010215759277, -0.11807608604431152, 0.010779857635498047, 0.1365680694580078, 0.16724801063537598, 0.2025299072265625]

Device/SubDeviceList/InertialSensor/AccelerometerZ/Sensor/Value = [-10.193203926086426, -9.608819007873535, -11.994257926940918, -9.311836242675781, -9.896221160888672, -9.350156784057617, -9.714200019836426, -10.700947761535645, -10.605147361755371, -7.740703582763672, -9.321416854858398, -8.401728630065918, -10.49976634979248, -9.263936042785645, -9.139394760131836, -8.871152877807617, -10.212363243103027, -10.241104125976562, -10.039922714233398, -9.742939949035645, -7.721543312072754, -10.279424667358398, -9.465117454528809, -9.848320960998535, -9.321416854858398, -7.156318664550781, -10.432705879211426, -10.969189643859863, -9.934541702270508, -10.662627220153809, -10.279424667358398, -9.30225658416748, -10.681787490844727, -10.432705879211426, -11.141631126403809, -8.1334867477417, -8.813672065734863, -9.896221160888672, -9.263936042785645, -11.304492950439453, -10.662627220153809, -11.026670455932617, -9.848320960998535, -6.332431793212891, -9.43637752532959, -6.8593363761901855, -9.024434089660645, -11.0075101852417, -8.698711395263672, -8.58375072479248, -10.40396499633789, -9.91538143157959, -7.558681964874268, -9.848320960998535, -6.524033546447754, -9.139394760131836, -9.5704984664917, -11.333232879638672, -9.742939949035645, -11.256592750549316, -9.608819007873535, -11.419453620910645, -9.627979278564453, -11.955938339233398, -10.39438533782959, -9.158555030822754, -9.484277725219727, -10.193203926086426, -9.666298866271973, -9.618398666381836, -11.400293350219727, -9.580078125, -9.589658737182617, -10.854228973388672, -10.49976634979248, -9.005273818969727, -10.384804725646973, -11.074570655822754, -9.244775772094727, -10.892549514770508, -9.10107421875, -9.350156784057617, -10.566826820373535, -9.273515701293945, -11.074570655822754, -10.011181831359863, -9.656719207763672, -10.346485137939453, -8.669971466064453, -9.695039749145508, -10.432705879211426, -9.20645523071289, -7.3479204177856445, -8.775351524353027, -8.775351524353027, -8.392148971557617, -11.45777416229248, -8.076005935668945, -10.241104125976562, -10.854228973388672, -11.256592750549316, -8.210126876831055, -9.158555030822754, -9.20645523071289, -9.0914945602417, -9.580078125, -10.097402572631836, -7.769443511962891, -6.983877182006836, -9.848320960998535, -12.9235258102417, -9.963281631469727]

