
Description:
----------




Gait parameters:
----------

MaxStepX = 0.0275574462389
TorsoWy = -0.0816219941416
TorsoWx = -0.0285936922152
StepHeight = 0.0111808508139
Stiffness = 0.125531914894
MaxStepTheta = 0.0810576870448
MaxStepY = 0.103008513914
MaxStepFrequency = 0.00425531914894


Stats:
----------

average_speed = 0.158899647958
final_displacement = 2.40019729429
elapsed_time = 15.1051139832


Sensor values:
----------

times = [0.35784196853637695, 0.5953631401062012, 0.7289259433746338, 0.8655300140380859, 0.9960579872131348, 1.1163561344146729, 1.2527530193328857, 1.3989500999450684, 1.536571979522705, 1.6524150371551514, 1.7729501724243164, 1.915950059890747, 2.041841983795166, 2.1760101318359375, 2.3233160972595215, 2.462398052215576, 2.582571029663086, 2.706300973892212, 2.8467061519622803, 2.996361017227173, 3.1279590129852295, 3.2544960975646973, 3.3934481143951416, 3.518733024597168, 3.6422929763793945, 3.767132043838501, 3.8936591148376465, 4.0220091342926025, 4.159672021865845, 4.281757116317749, 4.4061620235443115, 4.5333051681518555, 4.645812034606934, 4.758146047592163, 4.882143020629883, 5.01436710357666, 5.137722969055176, 5.259653091430664, 5.400661945343018, 5.525266170501709, 5.646692991256714, 5.778372049331665, 5.91312313079834, 6.0458879470825195, 6.170938968658447, 6.307135105133057, 6.446104049682617, 6.587465047836304, 6.707345962524414, 6.824368953704834, 6.963101148605347, 7.084236145019531, 7.202290058135986, 7.3332531452178955, 7.453508138656616, 7.585665941238403, 7.742552042007446, 7.880102157592773, 8.02445101737976, 8.159044027328491, 8.309394121170044, 8.443987131118774, 8.58142900466919, 8.726322174072266, 8.859236001968384, 8.988458156585693, 9.12018609046936, 9.236196994781494, 9.412811994552612, 9.561989068984985, 9.706053972244263, 9.854655981063843, 9.990276098251343, 10.134773969650269, 10.260530948638916, 10.387834072113037, 10.5330171585083, 10.656455039978027, 10.76715612411499, 10.901051044464111, 11.020894050598145, 11.167484998703003, 11.319014072418213, 11.483569145202637, 11.599356174468994, 11.752333164215088, 11.881915092468262, 12.006464958190918, 12.142421007156372, 12.2833890914917, 12.409105062484741, 12.544207096099854, 12.688719034194946, 12.82243299484253, 12.963366031646729, 13.097877025604248, 13.244378089904785, 13.414086103439331, 13.545593976974487, 13.680737018585205, 13.800449132919312, 13.947263956069946, 14.113249063491821, 14.26464295387268, 14.390165090560913, 14.542840003967285, 14.700993061065674, 14.847962141036987, 14.972553968429565, 15.105113983154297]

Device/SubDeviceList/LHipPitch/Position/Sensor/Value = [-0.2208540439605713, -0.3941960334777832, -0.3773219585418701, -0.34357404708862305, -0.2929520606994629, -0.21318411827087402, -0.19017410278320312, -0.14108610153198242, -0.07359004020690918, -0.20244598388671875, -0.37885594367980957, -0.38345813751220703, -0.3589141368865967, -0.30675792694091797, -0.21778607368469238, -0.17943596839904785, -0.15029001235961914, -0.07665801048278809, -0.20244598388671875, -0.3911280632019043, -0.38345813751220703, -0.3313021659851074, -0.2929520606994629, -0.2269899845123291, -0.19017410278320312, -0.15029001235961914, -0.09660005569458008, -0.16563010215759277, -0.3650500774383545, -0.3880600929260254, -0.3650500774383545, -0.3282339572906494, -0.2592041492462158, -0.19324207305908203, -0.1748340129852295, -0.14108610153198242, -0.07052206993103027, -0.23466014862060547, -0.3941960334777832, -0.3819241523742676, -0.35584592819213867, -0.309826135635376, -0.23159193992614746, -0.19170808792114258, -0.15949392318725586, -0.07665801048278809, -0.2239220142364502, -0.3819241523742676, -0.36965203285217285, -0.3512439727783203, -0.3021559715270996, -0.23466014862060547, -0.17943596839904785, -0.15642595291137695, -0.11500811576843262, -0.10426998138427734, -0.35584592819213867, -0.38345813751220703, -0.35584592819213867, -0.3082921504974365, -0.21471810340881348, -0.1809699535369873, -0.13955211639404297, -0.07512402534484863, -0.23772811889648438, -0.3819241523742676, -0.39266204833984375, -0.34050607681274414, -0.27761197090148926, -0.2009119987487793, -0.15335798263549805, -0.12114405632019043, -0.12114405632019043, -0.3481760025024414, -0.41567206382751465, -0.27454400062561035, -0.16869807243347168, -0.2070479393005371, -0.16409611701965332, -0.10733795166015625, 0.004643917083740234, 0.03685808181762695, -0.009161949157714844, -0.03984212875366211, -0.03984212875366211, -0.03984212875366211, -0.03984212875366211, -0.03984212875366211, -0.03984212875366211, -0.03984212875366211, -0.03984212875366211, -0.03984212875366211, -0.03984212875366211, -0.03984212875366211, -0.03984212875366211, -0.03984212875366211, -0.03984212875366211, -0.03984212875366211, -0.03984212875366211, -0.03984212875366211, -0.03984212875366211, -0.03984212875366211, -0.03984212875366211, -0.03984212875366211, -0.03984212875366211, -0.03984212875366211, -0.03984212875366211, -0.03984212875366211, -0.03984212875366211, -0.03984212875366211]

Device/SubDeviceList/LHipYawPitch/Position/Sensor/Value = [-0.004559993743896484, 0.0031099319458007812, 0.0015759468078613281, 0.004643917083740234, -0.0014920234680175781, -0.0014920234680175781, 0.0015759468078613281, 0.0015759468078613281, 4.1961669921875e-05, -0.0030260086059570312, 4.1961669921875e-05, 0.0031099319458007812, 0.0015759468078613281, -0.0014920234680175781, -0.0014920234680175781, 0.0031099319458007812, 0.0031099319458007812, 0.0031099319458007812, -0.004559993743896484, 0.0015759468078613281, 4.1961669921875e-05, 0.0015759468078613281, 4.1961669921875e-05, -0.0030260086059570312, 0.0015759468078613281, 4.1961669921875e-05, 4.1961669921875e-05, -0.004559993743896484, 0.0015759468078613281, 0.0031099319458007812, 0.0015759468078613281, 0.0015759468078613281, -0.0030260086059570312, 0.0015759468078613281, 0.004643917083740234, 0.0031099319458007812, 0.0015759468078613281, -0.0030260086059570312, 0.0015759468078613281, 4.1961669921875e-05, 0.0015759468078613281, 4.1961669921875e-05, -0.004559993743896484, 0.0015759468078613281, 0.0031099319458007812, 0.0031099319458007812, -0.0060939788818359375, 0.0015759468078613281, 4.1961669921875e-05, 0.0015759468078613281, 0.0015759468078613281, -0.004559993743896484, 0.0031099319458007812, 0.0031099319458007812, 4.1961669921875e-05, 4.1961669921875e-05, -0.0014920234680175781, 0.0031099319458007812, 0.0015759468078613281, 4.1961669921875e-05, -0.0014920234680175781, 0.0015759468078613281, 0.0031099319458007812, 4.1961669921875e-05, -0.0030260086059570312, -0.0014920234680175781, 0.0031099319458007812, 0.0015759468078613281, -0.0030260086059570312, -0.0014920234680175781, 0.0031099319458007812, 0.0015759468078613281, 4.1961669921875e-05, 4.1961669921875e-05, 0.0015759468078613281, -0.01222991943359375, 0.0031099319458007812, -0.004559993743896484, -0.0030260086059570312, 0.03685808181762695, 0.0844118595123291, 0.09208202362060547, 0.0583338737487793, 0.047595977783203125, 0.04912996292114258, 0.04912996292114258, 0.04912996292114258, 0.04912996292114258, 0.04912996292114258, 0.04912996292114258, 0.04912996292114258, 0.04912996292114258, 0.04912996292114258, 0.04912996292114258, 0.04912996292114258, 0.04912996292114258, 0.04912996292114258, 0.04912996292114258, 0.04912996292114258, 0.04912996292114258, 0.04912996292114258, 0.04912996292114258, 0.05066394805908203, 0.05066394805908203, 0.04912996292114258, 0.05066394805908203, 0.05066394805908203, 0.04912996292114258, 0.05066394805908203, 0.05066394805908203]

Device/SubDeviceList/InertialSensor/GyroscopeX/Sensor/Value = [0.32277512550354004, 0.5166532397270203, -0.17177389562129974, -0.8849684596061707, -0.14674018323421478, -0.5600627660751343, 0.14940333366394043, -0.30466562509536743, 0.5275722146034241, 0.7337008714675903, 0.8623315691947937, -0.41012680530548096, -0.8929579257965088, -0.2814961373806, -0.4183826148509979, 0.416252076625824, 0.13342437148094177, -0.14966966211795807, 0.1113201379776001, 0.18615496158599854, -0.3134540617465973, -0.04048004746437073, -0.049002163112163544, -0.6458165645599365, -0.1137169823050499, 0.0902811661362648, 0.19520971179008484, 0.5917543768882751, 0.7949535846710205, -0.20612867176532745, -0.3502056896686554, -0.3693804442882538, -0.0860201045870781, -0.3821636140346527, 0.29561087489128113, -0.017044231295585632, 0.07989483326673508, 0.3235740661621094, 0.26738137006759644, -0.35473304986953735, -0.6354302763938904, 0.05273059010505676, -0.32996565103530884, 0.061785340309143066, 0.23249396681785583, -0.16831178963184357, 0.14034859836101532, 0.33182987570762634, -0.15925703942775726, -0.34567832946777344, -0.12889699637889862, -0.3352919816970825, -0.2335592359304428, 0.16538231074810028, 0.4253068268299103, 0.1065264493227005, 0.7688546180725098, 0.061785340309143066, -0.3869573175907135, -0.3954794406890869, -0.6439523696899414, 0.15792545676231384, -0.304399311542511, 0.5944175720214844, 0.8591358065605164, 0.8388957381248474, -0.29348036646842957, -0.7326356172561646, -0.6572681665420532, -1.2207930088043213, 0.15872439742088318, -0.41012680530548096, -0.770186185836792, -0.5017395615577698, 0.07297061383724213, -0.007456851191818714, 0.6767092347145081, -0.4916195571422577, -1.5358450412750244, -1.7971011400222778, 0.9925601482391357, 0.017310546711087227, 0.20532973110675812, -0.05699164792895317, 0.001065264455974102, -0.0007989483419805765, -0.004793690051883459, -0.0029294772539287806, -0.0007989483419805765, 0.0, -0.002130528911948204, 0.0002663161139935255, 0.0, 0.001597896683961153, 0.0002663161139935255, -0.003994741477072239, 0.0002663161139935255, 0.0002663161139935255, 0.0002663161139935255, 0.0, 0.000532632227987051, -0.0002663161139935255, -0.0018642127979546785, -0.000532632227987051, 0.001065264455974102, 0.0018642127979546785, 0.002130528911948204, 0.0007989483419805765, -0.0007989483419805765, 0.0018642127979546785]

Device/SubDeviceList/LKneePitch/ElectricCurrent/Sensor/Value = [0.03200000151991844, 0.0, 0.12800000607967377, 0.9920000433921814, 0.7680000066757202, 0.6880000233650208, 0.3360000252723694, 0.7520000338554382, 0.2240000069141388, 0.2240000069141388, 0.0, 0.1600000113248825, 0.3840000033378601, 0.8320000171661377, 0.7520000338554382, 0.4000000059604645, 0.4000000059604645, 0.320000022649765, 0.4960000216960907, 0.0, 0.2720000147819519, 0.08000000566244125, 1.055999994277954, 0.7040000557899475, 0.12800000607967377, 0.24000000953674316, 0.5440000295639038, 0.17600001394748688, 0.0, 0.0, 0.2720000147819519, 1.2160000801086426, 1.3280000686645508, 0.9760000705718994, 0.3840000033378601, 0.5440000295639038, 0.0, 0.14400000870227814, 0.0, 0.0, 0.320000022649765, 1.4880000352859497, 0.784000039100647, 0.2240000069141388, 0.3360000252723694, 0.3680000305175781, 0.0, 0.06400000303983688, 0.0, 0.41600000858306885, 1.440000057220459, 0.8960000276565552, 0.7680000066757202, 0.320000022649765, 0.656000018119812, 0.1120000034570694, 0.08000000566244125, 0.0, 0.4480000138282776, 0.9760000705718994, 0.8480000495910645, 0.2240000069141388, 0.8800000548362732, 0.04800000041723251, 0.01600000075995922, 0.0, 0.12800000607967377, 0.12800000607967377, 0.8640000224113464, 0.9440000653266907, 0.4320000112056732, 0.6080000400543213, 0.0, 0.3840000033378601, 0.2880000174045563, 0.08000000566244125, 0.35200002789497375, 0.0, 0.0, 0.0, 0.0, 0.0, 0.0, 0.0, 0.0, 0.0, 0.0, 0.0, 0.0, 0.0, 0.0, 0.0, 0.0, 0.0, 0.0, 0.0, 0.0, 0.0, 0.0, 0.0, 0.0, 0.0, 0.0, 0.0, 0.0, 0.0, 0.0, 0.0, 0.0, 0.0]

Device/SubDeviceList/LAnkleRoll/Position/Sensor/Value = [-0.1548919677734375, -0.15335798263549805, -0.06745409965515137, 0.11509203910827637, 0.21786999702453613, 0.2807638645172119, 0.21326804161071777, 0.04606199264526367, -0.09660005569458008, -0.16256213188171387, -0.17636799812316895, -0.1288139820098877, 0.042994022369384766, 0.16571402549743652, 0.20713186264038086, 0.1565098762512207, 0.03072190284729004, -0.12267804145812988, -0.1809699535369873, -0.1809699535369873, -0.07052206993103027, 0.06600403785705566, 0.18412208557128906, 0.23627805709838867, 0.23321008682250977, 0.12429594993591309, -0.07819199562072754, -0.14722204208374023, -0.16563010215759277, -0.11194014549255371, 0.015382051467895508, 0.17184996604919434, 0.22707390785217285, 0.24701595306396484, 0.17798590660095215, 0.015382051467895508, -0.1288139820098877, -0.19017410278320312, -0.19631004333496094, -0.13801813125610352, 0.0123138427734375, 0.13503408432006836, 0.15804386138916016, 0.1104898452758789, -0.0014920234680175781, -0.1548919677734375, -0.22238802909851074, -0.23619413375854492, -0.1809699535369873, -0.03984212875366211, 0.12582993507385254, 0.20406389236450195, 0.23934602737426758, 0.18565607070922852, 0.0123138427734375, -0.14108610153198242, -0.1579599380493164, -0.08893013000488281, 0.06907200813293457, 0.21326804161071777, 0.2884340286254883, 0.2286078929901123, 0.05373191833496094, -0.1088719367980957, -0.17023205757141113, -0.18250393867492676, -0.1349501609802246, 0.05986785888671875, 0.19485998153686523, 0.2623560428619385, 0.1994619369506836, 0.0123138427734375, -0.10733795166015625, -0.14262008666992188, -0.09966802597045898, 0.007711887359619141, 0.03685808181762695, 0.052197933197021484, 0.05373191833496094, 0.07827591896057129, 0.0844118595123291, 0.07980990409851074, 0.07827591896057129, 0.07980990409851074, 0.07980990409851074, 0.07980990409851074, 0.07980990409851074, 0.07827591896057129, 0.07827591896057129, 0.07827591896057129, 0.07827591896057129, 0.07827591896057129, 0.07827591896057129, 0.07980990409851074, 0.07980990409851074, 0.07827591896057129, 0.07980990409851074, 0.07827591896057129, 0.07827591896057129, 0.07827591896057129, 0.07827591896057129, 0.07827591896057129, 0.07827591896057129, 0.07827591896057129, 0.07827591896057129, 0.07827591896057129, 0.07980990409851074, 0.07827591896057129, 0.07827591896057129, 0.07827591896057129]

displacement = [0.006533056268852549, 0.016859159048798963, 0.027052052843083565, 0.024897859588396572, 0.026010903463734476, 0.03068005632455553, 0.04457766261010557, 0.05541355875236969, 0.0540935088854298, 0.054199973257337726, 0.06581806259607269, 0.07941925120407563, 0.07927381234640632, 0.08119355445289475, 0.08518518337759676, 0.09922879975135683, 0.11063260031318936, 0.10857327179353413, 0.10679110265225407, 0.12311469924650935, 0.13383158046460653, 0.1366188106106753, 0.13748076294333067, 0.14058387617531556, 0.15138368821231465, 0.16403744469039463, 0.16371567151385402, 0.16266519919560546, 0.17337594112921417, 0.18627811406243197, 0.19313865541993075, 0.19131090353065472, 0.1913439297713966, 0.20006407018429379, 0.2136389972985225, 0.21611677407377167, 0.21975859843023296, 0.2178032849670865, 0.2337761478915205, 0.24469496866321172, 0.24578935532061966, 0.24716682151541977, 0.24994182186198022, 0.26287461185011013, 0.27565805475311034, 0.27421490308080976, 0.2728028181004232, 0.2872172985255104, 0.29702657724989334, 0.30116065489174926, 0.3022035027208793, 0.30254957201228205, 0.31344130623093797, 0.3292013445796607, 0.32832650613970615, 0.3299602886042875, 0.3347542953089583, 0.3523667677718859, 0.3538067647754451, 0.3568131589553786, 0.3606424317771196, 0.3719380757962642, 0.38552000705106176, 0.38473897197868295, 0.3849427249924491, 0.39609122142160463, 0.40904959582764044, 0.4095315737864052, 0.4112278878355863, 0.41923298879751036, 0.43299090535300067, 0.4374180106550578, 0.43888029156924196, 0.44221792668182847, 0.4562792137880644, 0.4719288600593293, 0.4637984840138735, 0.47238710154963526, 2.400197294289477, 2.400197294289477, 2.400197294289477, 2.400197294289477, 2.400197294289477, 2.400197294289477, 2.400197294289477, 2.400197294289477, 2.400197294289477, 2.400197294289477, 2.400197294289477, 2.400197294289477, 2.400197294289477, 2.400197294289477, 2.400197294289477, 2.400197294289477, 2.400197294289477, 2.400197294289477, 2.400197294289477, 2.400197294289477, 2.400197294289477, 2.400197294289477, 2.400197294289477, 2.400197294289477, 2.400197294289477, 2.400197294289477, 2.400197294289477, 2.400197294289477, 2.400197294289477, 2.400197294289477, 2.400197294289477, 2.400197294289477]

position_x = [-0.003938436508178711, 0.012157917022705078, 0.024062395095825195, 0.02462601661682129, 0.024982213973999023, 0.030675649642944336, 0.04455876350402832, 0.055226802825927734, 0.05334734916687012, 0.05316805839538574, 0.0626828670501709, 0.07704448699951172, 0.07866644859313965, 0.08029890060424805, 0.08488011360168457, 0.09914016723632812, 0.1100919246673584, 0.10738039016723633, 0.10532784461975098, 0.12061095237731934, 0.1314988136291504, 0.13523411750793457, 0.1358201503753662, 0.13983583450317383, 0.15084505081176758, 0.16316509246826172, 0.16206645965576172, 0.1610710620880127, 0.1703336238861084, 0.18311524391174316, 0.19033122062683105, 0.18934178352355957, 0.18987202644348145, 0.19899964332580566, 0.2126326560974121, 0.2135770320892334, 0.2178211212158203, 0.21513819694519043, 0.23047542572021484, 0.24138307571411133, 0.24365448951721191, 0.24463772773742676, 0.24823927879333496, 0.26137495040893555, 0.2737846374511719, 0.2716939449310303, 0.27005958557128906, 0.2834467887878418, 0.2933049201965332, 0.29878926277160645, 0.29917240142822266, 0.30033254623413086, 0.31152939796447754, 0.327042818069458, 0.32506608963012695, 0.32715702056884766, 0.3308379650115967, 0.34796643257141113, 0.3510580062866211, 0.35352563858032227, 0.3580951690673828, 0.36984848976135254, 0.38271284103393555, 0.3812882900238037, 0.38126516342163086, 0.39107179641723633, 0.40434694290161133, 0.4060788154602051, 0.407468318939209, 0.4165201187133789, 0.4301474094390869, 0.4333324432373047, 0.43474531173706055, 0.43703222274780273, 0.451108455657959, 0.4667654037475586, 0.45951271057128906, 0.46807265281677246, -2.3991973400115967, -2.3991973400115967, -2.3991973400115967, -2.3991973400115967, -2.3991973400115967, -2.3991973400115967, -2.3991973400115967, -2.3991973400115967, -2.3991973400115967, -2.3991973400115967, -2.3991973400115967, -2.3991973400115967, -2.3991973400115967, -2.3991973400115967, -2.3991973400115967, -2.3991973400115967, -2.3991973400115967, -2.3991973400115967, -2.3991973400115967, -2.3991973400115967, -2.3991973400115967, -2.3991973400115967, -2.3991973400115967, -2.3991973400115967, -2.3991973400115967, -2.3991973400115967, -2.3991973400115967, -2.3991973400115967, -2.3991973400115967, -2.3991973400115967, -2.3991973400115967, -2.3991973400115967]

position_y = [0.005212441086769104, 0.011679738759994507, 0.01236182451248169, 0.00366915762424469, 0.007242657244205475, 0.000519976019859314, -0.0012979209423065186, 0.004545629024505615, 0.008953660726547241, 0.010525904595851898, 0.020071759819984436, 0.019276008009910583, 0.009794242680072784, 0.01201997697353363, 0.007202900946140289, 0.0041930824518203735, 0.010924302041530609, 0.016050145030021667, 0.017617739737033844, 0.024702779948711395, 0.024878785014152527, 0.019401878118515015, 0.021303683519363403, 0.014483287930488586, 0.012758985161781311, 0.01689484715461731, 0.02317938208580017, 0.022717393934726715, 0.032336875796318054, 0.03418103605508804, 0.03281107544898987, 0.02737792581319809, 0.023687824606895447, 0.02061004936695099, 0.020711705088615417, 0.033035002648830414, 0.02911701798439026, 0.03396803140640259, 0.039145439863204956, 0.04012279212474823, 0.03232486546039581, 0.03526782989501953, 0.029123440384864807, 0.028039202094078064, 0.03208325803279877, 0.037097349762916565, 0.03859012573957443, 0.04638636112213135, 0.04687228798866272, 0.037718914449214935, 0.04269462823867798, 0.036559611558914185, 0.03456713259220123, 0.037636689841747284, 0.04615551978349686, 0.04291941225528717, 0.05105564743280411, 0.05551306903362274, 0.04401707649230957, 0.04832445830106735, 0.042788006365299225, 0.03937038034200668, 0.04643874615430832, 0.051413193345069885, 0.05308273434638977, 0.06285782158374786, 0.061847567558288574, 0.05306699126958847, 0.055479228496551514, 0.04761606454849243, 0.04954119771718979, 0.05964486300945282, 0.06010344624519348, 0.06752429902553558, 0.06849731504917145, 0.06961973011493683, 0.06290550529956818, 0.06369902193546295, -0.06927607953548431, -0.06927607953548431, -0.06927607953548431, -0.06927607953548431, -0.06927607953548431, -0.06927607953548431, -0.06927607953548431, -0.06927607953548431, -0.06927607953548431, -0.06927607953548431, -0.06927607953548431, -0.06927607953548431, -0.06927607953548431, -0.06927607953548431, -0.06927607953548431, -0.06927607953548431, -0.06927607953548431, -0.06927607953548431, -0.06927607953548431, -0.06927607953548431, -0.06927607953548431, -0.06927607953548431, -0.06927607953548431, -0.06927607953548431, -0.06927607953548431, -0.06927607953548431, -0.06927607953548431, -0.06927607953548431, -0.06927607953548431, -0.06927607953548431, -0.06927607953548431, -0.06927607953548431]

Device/SubDeviceList/LFoot/FSR/TotalWeight/Sensor/Value = [0.046666085720062256, 0.03505571186542511, 0.05633269250392914, 0.7556369304656982, 2.4629967212677, 2.222423791885376, 2.3651845455169678, 3.8992185592651367, 0.502700686454773, 0.017058085650205612, 0.02819245681166649, 0.027222270146012306, 0.49276477098464966, 2.774911880493164, 1.314526081085205, 2.0903139114379883, 1.3641042709350586, 0.8711398839950562, 0.04725855588912964, 0.05188782885670662, 0.16741831600666046, 0.2677612602710724, 0.9968165755271912, 2.424419403076172, 2.4229137897491455, 2.0958127975463867, 2.576115131378174, 0.023896904662251472, 0.031944818794727325, 0.05320480465888977, 0.011761761270463467, 1.3798341751098633, 2.865351915359497, 1.5581870079040527, 1.9661496877670288, 1.8153208494186401, 0.19230401515960693, 0.029284602031111717, 0.0510343462228775, 0.05877535417675972, 0.890376627445221, 0.8614566326141357, 2.255244255065918, 2.3482413291931152, 0.4991743266582489, 1.2312424182891846, 0.04038606956601143, 0.03197133541107178, 0.04761020094156265, 0.3171464502811432, 0.7490797638893127, 1.4990354776382446, 1.913183331489563, 2.2547855377197266, 2.2505316734313965, 0.14366382360458374, 0.032457251101732254, 0.03931812196969986, 0.14673109352588654, 2.668496608734131, 1.8663138151168823, 3.047870635986328, 3.6432461738586426, 1.369917869567871, 0.02033805660903454, 0.04755447059869766, 0.030032550916075706, 0.03393159061670303, 3.7604503631591797, 3.3131208419799805, 4.237583160400391, 4.293866157531738, 3.170553207397461, 3.955507516860962, 3.5895190238952637, 3.6260199546813965, 4.294717788696289, 3.005807876586914, 1.5897784233093262, 0.005411016754806042, 0.013154005631804466, 0.027749601751565933, 0.030771614983677864, 0.058356545865535736, 0.061319489032030106, 0.07424312829971313, 0.0635334774851799, 0.07482804358005524, 0.07927298545837402, 0.06873788684606552, 0.06673520803451538, 0.07725028693675995, 0.07485418766736984, 0.07177332788705826, 0.07026343792676926, 0.07733234763145447, 0.06486347317695618, 0.06697257608175278, 0.07648055255413055, 0.07575727999210358, 0.08995167165994644, 0.08420167863368988, 0.0691261813044548, 0.08040281385183334, 0.07421428710222244, 0.06708424538373947, 0.07276198267936707, 0.06115873157978058, 0.05876130238175392, 0.06426302343606949]

Device/SubDeviceList/InertialSensor/AngleX/Sensor/Value = [-0.06250936537981033, 0.08935468643903732, 0.14285200834274292, 0.1177331730723381, 0.033747848123311996, -0.06500227004289627, -0.1020096018910408, -0.13403159379959106, -0.14074259996414185, -0.020900551229715347, 0.15876740217208862, 0.19193953275680542, 0.14764565229415894, 0.04429405555129051, -0.1020096018910408, -0.09836656600236893, -0.0759318545460701, -0.05081302300095558, -0.05023748055100441, 0.044677432626485825, 0.0469781719148159, 0.0015341599937528372, 0.06711166352033615, -0.02857000008225441, -0.09012109786272049, -0.10354358702898026, -0.12195140868425369, -0.06787855178117752, 0.11255615204572678, 0.16202706098556519, 0.14419430494308472, 0.055031951516866684, -0.01898271217942238, -0.10009223967790604, -0.10105068236589432, -0.09510643035173416, -0.08264286071062088, -0.00575238885357976, 0.0859028622508049, 0.08551948517560959, 0.04333513602614403, 0.0425679050385952, -0.013230625540018082, -0.06807024031877518, -0.06557733565568924, -0.03336412087082863, -0.03873283043503761, 0.04716986045241356, 0.06346862763166428, 0.06711166352033615, 0.06787889450788498, -0.0049851578660309315, -0.078999824821949, -0.09357244521379471, -0.10373527556657791, -0.1179245188832283, 0.038924869149923325, 0.1420852541923523, 0.14879626035690308, 0.05656593665480614, -0.08072549849748611, -0.13057976961135864, -0.15972548723220825, -0.15761643648147583, -0.012080017477273941, 0.17353171110153198, 0.21245640516281128, 0.18618696928024292, 0.11428182572126389, -0.1595337986946106, -0.22913819551467896, -0.27688342332839966, -0.3593347668647766, -0.42414551973342896, -0.454825222492218, -0.4460046887397766, -0.38215285539627075, -0.3961504101753235, -0.6193445324897766, -0.8153107762336731, -1.0149201154708862, -1.0622814893722534, -0.9855826497077942, -0.7198203206062317, -0.5664222836494446, -0.42203646898269653, -0.33402425050735474, -0.26902180910110474, -0.21149760484695435, -0.17525702714920044, -0.14917927980422974, -0.12962132692337036, -0.11600715667009354, -0.10546094924211502, -0.09798271209001541, -0.09299737960100174, -0.08897048979997635, -0.08590251952409744, -0.08379346877336502, -0.08283502608537674, -0.08206779509782791, -0.08149272948503494, -0.08149272948503494, -0.08149272948503494, -0.08149272948503494, -0.08110887557268143, -0.08072549849748611, -0.08053380995988846, -0.08072549849748611, -0.08091718703508377]

Device/SubDeviceList/LHipPitch/ElectricCurrent/Sensor/Value = [0.0, 0.48000001907348633, 0.0, 0.06400000303983688, 0.24000000953674316, 0.4000000059604645, 0.0, 0.06400000303983688, 0.01600000075995922, 0.0, 0.12800000607967377, 0.0, 0.0, 0.1600000113248825, 0.3680000305175781, 0.0, 0.0, 0.0, 0.06400000303983688, 0.12800000607967377, 0.06400000303983688, 0.0, 0.2880000174045563, 0.0, 0.19200000166893005, 0.0, 0.01600000075995922, 0.0, 0.09600000083446503, 0.0, 0.1120000034570694, 0.08000000566244125, 0.08000000566244125, 0.0, 0.0, 0.0, 0.0, 0.0, 0.0, 0.20800000429153442, 0.09600000083446503, 0.19200000166893005, 0.35200002789497375, 0.0, 0.0, 0.0, 0.0, 0.04800000041723251, 0.0, 0.08000000566244125, 0.06400000303983688, 0.3360000252723694, 0.0, 0.0, 0.0, 1.0240000486373901, 0.0, 0.0, 0.0, 0.1120000034570694, 0.04800000041723251, 0.0, 0.0, 0.01600000075995922, 0.04800000041723251, 0.0, 0.08000000566244125, 0.08000000566244125, 0.1600000113248825, 0.06400000303983688, 0.0, 0.35200002789497375, 0.01600000075995922, 0.0, 0.2240000069141388, 0.7520000338554382, 0.2240000069141388, 0.0, 0.0, 0.0, 0.0, 0.0, 0.0, 0.0, 0.0, 0.0, 0.0, 0.0, 0.0, 0.0, 0.0, 0.0, 0.0, 0.0, 0.0, 0.0, 0.0, 0.0, 0.0, 0.0, 0.0, 0.0, 0.0, 0.0, 0.0, 0.0, 0.0, 0.0, 0.0, 0.0]

Device/SubDeviceList/LHipRoll/Position/Sensor/Value = [0.15190792083740234, 0.19332599639892578, 0.13503408432006836, 0.038392066955566406, -0.11654210090637207, -0.14262008666992188, -0.15949392318725586, -0.0858621597290039, 0.07520794868469238, 0.17031598091125488, 0.21173405647277832, 0.18412208557128906, 0.0844118595123291, -0.06592011451721191, -0.09353208541870117, -0.1088719367980957, -0.07972598075866699, 0.08901405334472656, 0.1795198917388916, 0.2255399227142334, 0.1534419059753418, 0.03992605209350586, -0.0858621597290039, -0.1058039665222168, -0.13648414611816406, -0.13648414611816406, 0.009245872497558594, 0.13503408432006836, 0.21480202674865723, 0.16724801063537598, 0.11662602424621582, -0.0827939510345459, -0.10733795166015625, -0.1349501609802246, -0.13648414611816406, -0.06285214424133301, 0.11355805397033691, 0.1825878620147705, 0.21326804161071777, 0.1825878620147705, 0.07367396354675293, -0.06285214424133301, -0.07205605506896973, -0.06898808479309082, -0.024502038955688477, 0.12582993507385254, 0.22093796730041504, 0.27309393882751465, 0.23627805709838867, 0.1733839511871338, -0.03063797950744629, -0.07205605506896973, -0.11654210090637207, -0.1288139820098877, -0.05058002471923828, 0.12276196479797363, 0.19332599639892578, 0.1565098762512207, 0.08748006820678711, -0.11194014549255371, -0.14108610153198242, -0.16256213188171387, -0.07972598075866699, 0.07980990409851074, 0.1764519214630127, 0.20713186264038086, 0.19332599639892578, 0.0353238582611084, -0.04444408416748047, -0.1058039665222168, -0.1548919677734375, -0.06438612937927246, 0.10128593444824219, 0.17184996604919434, 0.15804386138916016, 0.0813438892364502, -0.02603602409362793, -0.009161949157714844, -0.033705949783325195, -0.23772811889648438, -0.23772811889648438, -0.23159193992614746, -0.23159193992614746, -0.23159193992614746, -0.230057954788208, -0.230057954788208, -0.230057954788208, -0.230057954788208, -0.230057954788208, -0.23159193992614746, -0.23159193992614746, -0.230057954788208, -0.230057954788208, -0.230057954788208, -0.23159193992614746, -0.230057954788208, -0.230057954788208, -0.230057954788208, -0.230057954788208, -0.230057954788208, -0.230057954788208, -0.230057954788208, -0.230057954788208, -0.230057954788208, -0.230057954788208, -0.230057954788208, -0.22852396965026855, -0.230057954788208, -0.22852396965026855, -0.22852396965026855]

Device/SubDeviceList/RHipPitch/Position/Sensor/Value = [-0.23934602737426758, -0.18872404098510742, -0.16878199577331543, -0.1104898452758789, -0.07367396354675293, -0.257753849029541, -0.33138608932495117, -0.3068418502807617, -0.277695894241333, -0.23474407196044922, -0.19485998153686523, -0.1764519214630127, -0.13963603973388672, -0.08287787437438965, -0.2884340286254883, -0.33598804473876953, -0.32831788063049316, -0.2884340286254883, -0.24701595306396484, -0.1963939666748047, -0.1795198917388916, -0.107421875, -0.06907200813293457, -0.2454819679260254, -0.33138608932495117, -0.30530786514282227, -0.277695894241333, -0.23781204223632812, -0.1963939666748047, -0.1825878620147705, -0.14577198028564453, -0.07213997840881348, -0.13196587562561035, -0.28996801376342773, -0.337522029876709, -0.3206479549407959, -0.28229808807373047, -0.2286078929901123, -0.18719005584716797, -0.17798590660095215, -0.12889790534973145, -0.07674193382263184, -0.260822057723999, -0.35899806022644043, -0.3344540596008301, -0.27309393882751465, -0.23934602737426758, -0.2055978775024414, -0.1825878620147705, -0.13196587562561035, -0.056799888610839844, -0.17184996604919434, -0.32831788063049316, -0.3145120143890381, -0.2807638645172119, -0.26389002799987793, -0.18565607070922852, -0.16878199577331543, -0.1304318904876709, -0.05986785888671875, -0.23627805709838867, -0.32524991035461426, -0.3206479549407959, -0.27616190910339355, -0.23014187812805176, -0.1994619369506836, -0.1764519214630127, -0.12429594993591309, -0.10895586013793945, -0.3068418502807617, -0.317579984664917, -0.2884340286254883, -0.24701595306396484, -0.2286078929901123, -0.20713186264038086, -0.06907200813293457, 0.05824995040893555, 0.07052206993103027, 0.027570009231567383, -0.07674193382263184, -0.14577198028564453, -0.18719005584716797, -0.1565098762512207, -0.15190792083740234, -0.14270401000976562, -0.1334998607635498, -0.1334998607635498, -0.1334998607635498, -0.1334998607635498, -0.1334998607635498, -0.1334998607635498, -0.1334998607635498, -0.1334998607635498, -0.1334998607635498, -0.1334998607635498, -0.1334998607635498, -0.1334998607635498, -0.1334998607635498, -0.1334998607635498, -0.1334998607635498, -0.13196587562561035, -0.1334998607635498, -0.1334998607635498, -0.1334998607635498, -0.1334998607635498, -0.1334998607635498, -0.1334998607635498, -0.1334998607635498, -0.13196587562561035, -0.1334998607635498]

Device/SubDeviceList/RFoot/FSR/CenterOfPressure/X/Sensor/Value = [-0.018665509298443794, 0.0016006245277822018, -0.027418965473771095, -0.03008776344358921, -0.030230458825826645, -0.030249999836087227, -0.0301829781383276, -0.030184634029865265, -0.029650000855326653, 0.01065235398709774, -0.00215083546936512, -0.003975275903940201, 0.015637606382369995, -0.030230337753891945, -0.030249999836087227, -0.030249997973442078, -0.030233845114707947, -0.03024439886212349, -0.02983655408024788, 0.03369002789258957, -0.030232958495616913, -0.029783597216010094, -0.03021545335650444, -0.03014327771961689, -0.03014051727950573, -0.03023810125887394, -0.030234433710575104, -0.003141480265185237, 0.004839638248085976, 0.0005933080683462322, 0.007729959674179554, -0.030249329283833504, -0.030249999836087227, -0.030136335641145706, -0.030249999836087227, -0.030249997973442078, -0.029950272291898727, 0.0041894931346178055, -0.019263137131929398, -0.02996799163520336, -0.030024301260709763, -0.030203431844711304, -0.03020826354622841, -0.030249997973442078, -0.029984015971422195, -0.030237644910812378, -0.02977517433464527, 0.03778885304927826, -0.0011424373369663954, 0.01025775633752346, -0.03022487461566925, -0.030215362086892128, -0.030249999836087227, -0.03020404279232025, -0.030242586508393288, 0.000783446419518441, 0.012756730429828167, -0.008095020428299904, -0.010226034559309483, -0.030218299478292465, -0.030215522274374962, -0.030250001698732376, -0.030249999836087227, -0.0299224890768528, 0.010278813540935516, -0.0008308533579111099, 0.004786903038620949, 0.0011434830958023667, -0.029650000855326653, -0.030249999836087227, -0.030178068205714226, -0.030249997973442078, -0.030249394476413727, -0.0302476417273283, -0.03024056740105152, -0.030249999836087227, -0.03008040226995945, -0.030249999836087227, -0.030249999836087227, 0.0, -0.030249999836087227, -0.030249999836087227, -0.030249999836087227, -0.030249999836087227, -0.030249999836087227, 0.0, 0.0, 0.0, 0.0, -0.030249999836087227, 0.0, -0.030249999836087227, -0.030250001698732376, -0.030249999836087227, -0.030249999836087227, -0.030249999836087227, -0.030249999836087227, -0.030249999836087227, -0.030249999836087227, -0.030249999836087227, -0.030249999836087227, -0.030249999836087227, -0.030249999836087227, -0.030249999836087227, -0.030249999836087227, -0.030249999836087227, -0.030249999836087227, -0.030249997973442078, -0.030249999836087227, -0.030249999836087227]

Device/SubDeviceList/InertialSensor/AngleY/Sensor/Value = [-0.05100506171584129, -0.05656593665480614, -0.08245199173688889, -0.09280603379011154, -0.07343976944684982, -0.029145892709493637, -0.009971316903829575, -0.018024619668722153, -0.03470676764845848, -0.02396887168288231, -0.029145892709493637, -0.0699884220957756, -0.08321874588727951, -0.04621141776442528, -0.02722853049635887, -0.03796642646193504, -0.06883781403303146, -0.07401483505964279, -0.05656593665480614, -0.02895420417189598, -0.029913123697042465, -0.041801150888204575, -0.09280603379011154, -0.03470676764845848, -0.00575273809954524, -0.0023013909813016653, -0.0324055515229702, -0.045828040689229965, -0.03125542029738426, -0.042376693338155746, -0.05311458930373192, -0.03528183326125145, -0.036624129861593246, -0.055031951516866684, -0.06979673355817795, -0.0713307186961174, -0.05464857444167137, -0.033364471048116684, -0.04160946235060692, -0.06634490936994553, -0.07823341339826584, -0.062510184943676, -0.03355615958571434, -0.030488189309835434, -0.03854149207472801, -0.07804172486066818, -0.07535713165998459, -0.02722853049635887, -0.015340026468038559, -0.03125542029738426, -0.05119722709059715, -0.04793709143996239, -0.05694931373000145, -0.06097620353102684, -0.058866675943136215, -0.04045933112502098, -0.002684768056496978, -0.04563635215163231, -0.08206813782453537, -0.06845443695783615, -0.02339380607008934, -0.019750293344259262, -0.0483209453523159, -0.06289356201887131, -0.05004661902785301, -0.04045933112502098, -0.06404417008161545, -0.07919233292341232, -0.05196398124098778, -0.018407996743917465, -0.03585737571120262, -0.05752485617995262, -0.0222431980073452, 0.036814991384744644, 0.1700795292854309, 0.2759245038032532, 0.1988418698310852, 0.2567494511604309, 0.3278878331184387, 0.5877059102058411, 0.7721670269966125, 1.0780047178268433, 1.2407983541488647, 1.3113616704940796, 1.3853763341903687, 1.468786597251892, 1.5059856176376343, 1.5403083562850952, 1.5675362348556519, 1.5859440565109253, 1.599366545677185, 1.6106795072555542, 1.616815447807312, 1.622184157371521, 1.6260193586349487, 1.6285117864608765, 1.630621314048767, 1.6317719221115112, 1.6325386762619019, 1.6323469877243042, 1.6327303647994995, 1.633114218711853, 1.6338809728622437, 1.6344560384750366, 1.6346477270126343, 1.635414958000183, 1.635414958000183, 1.6350315809249878, 1.6350315809249878, 1.6346477270126343]

Device/SubDeviceList/LHipRoll/ElectricCurrent/Sensor/Value = [0.25600001215934753, 0.3840000033378601, 0.0, 0.01600000075995922, 0.0, 0.0, 1.040000081062317, 0.01600000075995922, 0.6080000400543213, 0.0, 0.0, 0.2880000174045563, 0.0, 0.03200000151991844, 0.0, 1.055999994277954, 0.0, 0.0, 0.3360000252723694, 0.01600000075995922, 0.0, 0.0, 1.28000009059906, 0.0, 0.7040000557899475, 0.5760000348091125, 0.5760000348091125, 0.4000000059604645, 0.0, 0.0, 0.06400000303983688, 0.0, 0.5760000348091125, 0.0, 1.0080000162124634, 0.4480000138282776, 0.0, 0.24000000953674316, 0.0, 0.0, 0.0, 0.0, 0.0, 0.8640000224113464, 0.0, 0.20800000429153442, 0.48000001907348633, 0.0, 0.0, 0.04800000041723251, 0.1600000113248825, 0.0, 0.46400001645088196, 0.0, 0.4320000112056732, 0.0, 0.0, 0.03200000151991844, 0.0, 0.4000000059604645, 0.0, 0.800000011920929, 0.656000018119812, 0.03200000151991844, 0.2880000174045563, 0.0, 0.1120000034570694, 0.0, 0.8800000548362732, 0.0, 0.0, 1.1200000047683716, 0.17600001394748688, 0.320000022649765, 0.0, 0.0, 0.7200000286102295, 0.0, 0.0, 0.0, 0.0, 0.0, 0.0, 0.0, 0.0, 0.0, 0.0, 0.0, 0.0, 0.0, 0.0, 0.0, 0.0, 0.0, 0.0, 0.0, 0.0, 0.0, 0.0, 0.0, 0.0, 0.0, 0.0, 0.0, 0.0, 0.0, 0.0, 0.0, 0.0, 0.0]

Device/SubDeviceList/LKneePitch/Position/Sensor/Value = [1.0262041091918945, 1.0538160800933838, 0.9525721073150635, 0.9955241680145264, 0.9234261512756348, 0.8359880447387695, 0.8589980602264404, 0.8712701797485352, 0.797637939453125, 0.9909219741821289, 1.0752921104431152, 0.9449019432067871, 0.9985921382904053, 0.9479701519012451, 0.8467259407043457, 0.8559300899505615, 0.8620660305023193, 0.8068420886993408, 0.9771161079406738, 1.061486005783081, 0.9893879890441895, 0.9832520484924316, 0.9372320175170898, 0.8451919555664062, 0.8405900001525879, 0.8682019710540771, 0.8390560150146484, 0.9449019432067871, 1.0906319618225098, 0.967911958694458, 0.9955241680145264, 0.9817180633544922, 0.8988821506500244, 0.8482601642608643, 0.8620660305023193, 0.8636000156402588, 0.800706148147583, 1.0185341835021973, 1.0507481098175049, 0.9740481376647949, 0.9893879890441895, 0.9495041370391846, 0.8559300899505615, 0.8528621196746826, 0.8559300899505615, 0.8037741184234619, 1.0001261234283447, 1.06455397605896, 0.9525721073150635, 1.0016601085662842, 0.9817180633544922, 0.8697359561920166, 0.8436579704284668, 0.8589980602264404, 0.8513281345367432, 0.894279956817627, 1.0952341556549072, 0.9648439884185791, 0.9955241680145264, 0.9464361667633057, 0.837522029876709, 0.857464075088501, 0.8728041648864746, 0.7961039543151855, 1.0323400497436523, 1.067622184753418, 0.9449019432067871, 0.9755821228027344, 0.9004161357879639, 0.8421239852905273, 0.8636000156402588, 0.8636000156402588, 0.9203581809997559, 1.1259140968322754, 0.9955241680145264, 1.004728078842163, 1.0354080200195312, 1.0216021537780762, 1.0584180355072021, 1.044612169265747, 1.0400099754333496, 1.0461461544036865, 1.0154659748077393, 1.0001261234283447, 0.98785400390625, 0.9694461822509766, 0.9541060924530029, 0.9418339729309082, 0.9218921661376953, 0.9034841060638428, 0.8896780014038086, 0.8712701797485352, 0.8589980602264404, 0.8436579704284668, 0.8206479549407959, 0.8022401332855225, 0.780764102935791, 0.7623560428619385, 0.7531521320343018, 0.7439479827880859, 0.7286081314086914, 0.7132680416107178, 0.704064130783081, 0.6994619369506836, 0.6856560707092285, 0.6703159809112549, 0.6595780849456787, 0.647305965423584, 0.6350340843200684, 0.6196939945220947]

Device/SubDeviceList/RHipRoll/ElectricCurrent/Sensor/Value = [0.2720000147819519, 0.3360000252723694, 0.0, 0.19200000166893005, 0.04800000041723251, 0.0, 0.0, 0.03200000151991844, 0.0, 0.25600001215934753, 0.09600000083446503, 0.0, 0.5760000348091125, 0.0, 0.1600000113248825, 0.0, 0.0, 0.0, 0.4960000216960907, 0.5760000348091125, 0.01600000075995922, 0.320000022649765, 0.0, 0.0, 0.0, 0.14400000870227814, 0.01600000075995922, 0.7680000066757202, 0.0, 0.9120000600814819, 0.4480000138282776, 0.01600000075995922, 0.5440000295639038, 0.0, 0.0, 0.0, 0.0, 0.4480000138282776, 0.4960000216960907, 0.5600000023841858, 0.25600001215934753, 0.04800000041723251, 0.17600001394748688, 0.0, 0.0, 0.0, 0.35200002789497375, 0.5760000348091125, 0.8480000495910645, 0.7040000557899475, 0.1120000034570694, 0.17600001394748688, 0.4000000059604645, 0.06400000303983688, 0.12800000607967377, 0.25600001215934753, 0.0, 0.8800000548362732, 0.8800000548362732, 0.19200000166893005, 0.04800000041723251, 0.0, 0.2240000069141388, 0.0, 0.320000022649765, 0.12800000607967377, 0.0, 0.784000039100647, 0.35200002789497375, 0.2720000147819519, 0.0, 0.0, 0.06400000303983688, 0.3360000252723694, 0.2880000174045563, 0.3680000305175781, 0.24000000953674316, 0.2240000069141388, 0.0, 0.0, 0.0, 0.0, 0.0, 0.0, 0.0, 0.0, 0.0, 0.0, 0.0, 0.0, 0.0, 0.0, 0.0, 0.0, 0.0, 0.0, 0.0, 0.0, 0.0, 0.0, 0.0, 0.0, 0.0, 0.0, 0.0, 0.0, 0.0, 0.0, 0.0, 0.0]

Device/SubDeviceList/LFoot/FSR/CenterOfPressure/X/Sensor/Value = [-0.029698293656110764, -0.029649998992681503, -0.029650000855326653, -0.029676491394639015, -0.012845086865127087, 0.00848341453820467, 0.011551350355148315, 0.005306144244968891, -0.01877974346280098, -0.029650000855326653, -0.029706276953220367, -0.029650000855326653, -0.02966604381799698, 0.0017467762809246778, -0.010695184580981731, 0.01002188865095377, -0.01835087314248085, -0.001251892652362585, -0.029650002717971802, -0.029649998992681503, -0.030250001698732376, -0.029650000855326653, -0.030016908422112465, 0.010902457870543003, 0.028403792530298233, 0.00617583841085434, 0.011214434169232845, -0.029794584959745407, -0.029650000855326653, -0.029672354459762573, -0.029660655185580254, -0.02088516764342785, -0.017107710242271423, -0.01317261066287756, -0.013050888665020466, -0.005163104739040136, -0.029689492657780647, -0.029671145603060722, -0.02968074567615986, -0.02965892106294632, -0.029858380556106567, -0.02992062456905842, 0.0016018474707379937, 0.0350760817527771, -0.029665526002645493, -0.02994566038250923, -0.029678689315915108, -0.029670024290680885, -0.029664309695363045, -0.02965523675084114, -0.02987007237970829, -0.028352972120046616, 0.018558688461780548, -0.010640952736139297, 0.0002082143910229206, -0.029749752953648567, -0.029692701995372772, -0.02968699112534523, -0.029650000855326653, -0.001919258269481361, 0.003856823779642582, 0.006608013529330492, 0.0014862183015793562, -0.028965521603822708, -0.029701516032218933, -0.02968115545809269, -0.0296649057418108, -0.029658770188689232, 0.005383581854403019, -0.005109283607453108, 0.005881138611584902, 0.0066468860022723675, 0.02227381058037281, 0.037755563855171204, 0.04381239414215088, 0.03637781739234924, 0.04788978770375252, 0.05395654961466789, 0.06897521764039993, -0.02989412471652031, -0.030132519081234932, -0.029803138226270676, -0.02968551591038704, -0.02968594990670681, -0.029663581401109695, -0.02967706322669983, -0.029673917219042778, -0.029657704755663872, -0.02966924011707306, -0.029676569625735283, -0.029649998992681503, -0.02965095266699791, -0.029650000855326653, -0.02967773750424385, -0.029650693759322166, -0.02965923771262169, -0.029684023931622505, -0.029681818559765816, -0.029651368036866188, -0.029689261689782143, -0.029651572927832603, -0.02965667098760605, -0.029683947563171387, -0.029685581102967262, -0.0296724084764719, -0.0296828243881464, -0.02968870848417282, -0.02965792454779148, -0.02968720905482769, -0.029664229601621628]

Device/SubDeviceList/RAnkleRoll/ElectricCurrent/Sensor/Value = [0.46400001645088196, 0.4960000216960907, 0.4480000138282776, 0.03200000151991844, 0.0, 0.0, 0.06400000303983688, 0.2720000147819519, 0.2880000174045563, 0.09600000083446503, 0.6720000505447388, 0.6720000505447388, 0.0, 0.0, 0.0, 0.0, 0.320000022649765, 0.0, 0.0, 0.0, 0.2880000174045563, 0.01600000075995922, 0.0, 0.0, 0.0, 0.06400000303983688, 0.0, 0.0, 0.64000004529953, 0.3680000305175781, 0.04800000041723251, 0.0, 0.0, 0.0, 0.0, 0.0, 0.0, 0.0, 0.0, 0.06400000303983688, 0.0, 0.12800000607967377, 0.5120000243186951, 0.04800000041723251, 0.0, 0.0, 0.0, 0.1120000034570694, 0.04800000041723251, 0.0, 0.0, 0.04800000041723251, 0.0, 0.3680000305175781, 0.2240000069141388, 0.0, 0.5760000348091125, 0.4960000216960907, 0.0, 0.0, 0.0, 0.0, 0.0, 0.7200000286102295, 0.2720000147819519, 0.5440000295639038, 0.784000039100647, 0.0, 0.0, 0.0, 0.06400000303983688, 0.06400000303983688, 0.0, 0.0, 0.14400000870227814, 0.0, 0.0, 0.0, 0.0, 0.0, 0.0, 0.0, 0.0, 0.0, 0.0, 0.0, 0.0, 0.0, 0.0, 0.0, 0.0, 0.0, 0.0, 0.0, 0.0, 0.0, 0.0, 0.0, 0.0, 0.0, 0.0, 0.0, 0.0, 0.0, 0.0, 0.0, 0.0, 0.0, 0.0, 0.0]

Device/SubDeviceList/RFoot/FSR/TotalWeight/Sensor/Value = [1.0368893146514893, 2.3783655166625977, 2.3226218223571777, 0.42906758189201355, 0.05007404834032059, 0.019921204075217247, 0.04686596617102623, 0.034384965896606445, 0.11248776316642761, 3.1762166023254395, 3.6652753353118896, 4.009714603424072, 1.470751166343689, 0.09354843944311142, 0.028348077088594437, 0.028679203242063522, 0.8187145590782166, 0.6947795748710632, 1.7746922969818115, 1.6716084480285645, 0.5916030406951904, 1.3977693319320679, 0.2628684937953949, 0.025103144347667694, 0.04697686806321144, 0.027978410944342613, 0.17856435477733612, 3.35806941986084, 3.4750349521636963, 3.9986510276794434, 2.289522171020508, 0.13863876461982727, 0.020833561196923256, 0.03463219106197357, 0.029739122837781906, 0.2646283507347107, 0.6681181788444519, 1.1884081363677979, 1.5072376728057861, 1.7004120349884033, 0.5408155918121338, 0.1938440501689911, 0.01491529494524002, 0.029903000220656395, 0.9617473483085632, 0.45625102519989014, 1.3617463111877441, 1.9724390506744385, 1.936593770980835, 2.2764294147491455, 0.36320406198501587, 0.029944108799099922, 0.02022428810596466, 0.018778717145323753, 0.12733229994773865, 0.38742417097091675, 2.282172203063965, 3.4747910499572754, 2.636575698852539, 0.10638360679149628, 0.03653636574745178, 0.048574723303318024, 0.013221880421042442, 0.10922086983919144, 3.522474765777588, 4.019749641418457, 4.4441118240356445, 4.429488658905029, 0.006143432576209307, 0.025823738425970078, 0.032662853598594666, 0.04310077056288719, 0.03944922611117363, 0.03892968222498894, 0.03528169170022011, 0.034798067063093185, 0.0, 0.029281431809067726, 0.02065034583210945, 0.022188598290085793, 0.01929771527647972, 0.0769224613904953, 0.0, 0.014293981716036797, 0.011226397007703781, 0.0, 0.0, 0.0, 0.0, 0.0011720829643309116, 0.0, 0.0016587693244218826, 0.0033358153887093067, 0.005200995597988367, 0.003986313007771969, 0.0047940961085259914, 0.0003994616272393614, 0.0045914119109511375, 0.004389207344502211, 0.004540802910923958, 0.005099081434309483, 0.009062618017196655, 0.008106717839837074, 0.007790491450577974, 0.007423068396747112, 0.007632819004356861, 0.009867571294307709, 0.011336042545735836, 0.011007523164153099, 0.015494546853005886]

Device/SubDeviceList/RHipPitch/ElectricCurrent/Sensor/Value = [0.04800000041723251, 0.0, 0.0, 0.03200000151991844, 0.0, 0.03200000151991844, 0.0, 0.0, 0.01600000075995922, 0.09600000083446503, 0.0, 0.01600000075995922, 0.35200002789497375, 0.04800000041723251, 0.09600000083446503, 0.0, 0.3360000252723694, 0.14400000870227814, 0.03200000151991844, 0.0, 0.17600001394748688, 0.0, 0.06400000303983688, 0.01600000075995922, 0.0, 0.0, 0.06400000303983688, 0.0, 0.0, 0.0, 0.09600000083446503, 0.0, 0.0, 0.04800000041723251, 0.0, 0.09600000083446503, 0.30400002002716064, 0.01600000075995922, 0.25600001215934753, 0.0, 0.0, 0.2720000147819519, 0.01600000075995922, 0.08000000566244125, 0.09600000083446503, 0.2880000174045563, 0.0, 0.41600000858306885, 0.12800000607967377, 0.12800000607967377, 0.0, 0.2240000069141388, 0.0, 0.0, 0.09600000083446503, 0.30400002002716064, 0.0, 0.0, 0.0, 0.03200000151991844, 0.08000000566244125, 0.0, 0.03200000151991844, 0.0, 0.12800000607967377, 0.0, 0.0, 0.2880000174045563, 0.12800000607967377, 0.04800000041723251, 0.0, 0.09600000083446503, 0.08000000566244125, 0.24000000953674316, 0.14400000870227814, 0.09600000083446503, 0.527999997138977, 0.0, 0.0, 0.0, 0.0, 0.0, 0.0, 0.0, 0.0, 0.0, 0.0, 0.0, 0.0, 0.0, 0.0, 0.0, 0.0, 0.0, 0.0, 0.0, 0.0, 0.0, 0.0, 0.0, 0.0, 0.0, 0.0, 0.0, 0.0, 0.0, 0.0, 0.0, 0.0, 0.0]

Device/SubDeviceList/RFoot/FSR/CenterOfPressure/Y/Sensor/Value = [-0.027622569352388382, -0.029899997636675835, -0.029886357486248016, 0.01221016887575388, 0.017504053190350533, 0.019099999219179153, 0.010023852810263634, 0.01376181561499834, -0.029899999499320984, -0.029899999499320984, -0.029899997636675835, -0.029900001361966133, -0.029899999499320984, 0.017494231462478638, 0.019099999219179153, 0.019099999219179153, 0.016852250322699547, 0.018642716109752655, -0.015533659607172012, 0.0027488081250339746, 0.017708154395222664, -0.01898943819105625, 0.013819698244333267, 0.010384243912994862, 0.010158931836485863, 0.01812811568379402, 0.01782875321805477, -0.029899999499320984, -0.029900001361966133, -0.029899999499320984, -0.029899999499320984, 0.019045352935791016, 0.019099999219179153, 0.009817167185246944, 0.019099999219179153, 0.019099999219179153, -0.005377652123570442, -0.027170425280928612, -0.01995064876973629, -0.0018347223522141576, -0.0022723854053765535, 0.016524188220500946, 0.015691572800278664, 0.016590334475040436, -0.0026220635045319796, 0.018090980127453804, -0.01903027482330799, -0.009609065018594265, -0.018550822511315346, -0.029899999499320984, 0.01704810932278633, 0.019099999219179153, 0.019099999219179153, 0.015346864238381386, 0.01849447935819626, -0.02521231584250927, -0.029899997636675835, -0.029899999499320984, -0.029899999499320984, 0.016511136665940285, 0.01628424972295761, 0.019099999219179153, 0.019099999219179153, -0.007646824698895216, -0.029900001361966133, -0.029899999499320984, -0.029899999499320984, -0.029899999499320984, -0.029899999499320984, 0.01515929028391838, 0.013631908223032951, 0.017479777336120605, 0.01905052363872528, 0.019099999219179153, 0.019099999219179153, 0.019099999219179153, 0.019099999219179153, 0.019099999219179153, 0.009791960939764977, 0.0, 0.019099999219179153, 0.019099999219179153, 0.019099999219179153, 0.019099999219179153, 0.019099999219179153, 0.0, 0.0, 0.0, 0.0, 0.019099999219179153, 0.019099999219179153, 0.019099999219179153, 0.019099999219179153, 0.019099999219179153, 0.019099999219179153, 0.019099999219179153, 0.019099999219179153, 0.019099999219179153, 0.019099999219179153, 0.019099999219179153, 0.019099999219179153, 0.019099999219179153, 0.019099999219179153, 0.019099999219179153, 0.019099999219179153, 0.019099999219179153, 0.019099999219179153, 0.019099999219179153, 0.019099999219179153, 0.019099999219179153]

Device/SubDeviceList/LAnklePitch/Position/Sensor/Value = [-0.6995458602905273, -0.56455397605896, -0.5031938552856445, -0.5584180355072021, -0.56455397605896, -0.5630199909210205, -0.5998358726501465, -0.6489238739013672, -0.6412539482116699, -0.6980118751525879, -0.5875639915466309, -0.4909219741821289, -0.5553500652313232, -0.5630199909210205, -0.5568840503692627, -0.5860300064086914, -0.6259140968322754, -0.6473898887634277, -0.694943904876709, -0.5737578868865967, -0.527738094329834, -0.5522818565368652, -0.56455397605896, -0.561486005783081, -0.5906319618225098, -0.6351180076599121, -0.6519920825958252, -0.6964778900146484, -0.6305160522460938, -0.49859189987182617, -0.5430779457092285, -0.5676219463348389, -0.5522818565368652, -0.561486005783081, -0.5967679023742676, -0.6473898887634277, -0.6473898887634277, -0.7010800838470459, -0.5630199909210205, -0.4939899444580078, -0.5476799011230469, -0.56455397605896, -0.5568840503692627, -0.5860300064086914, -0.6121079921722412, -0.6366519927978516, -0.6888079643249512, -0.5921659469604492, -0.5139319896697998, -0.5706899166107178, -0.5875639915466309, -0.5630199909210205, -0.5798940658569336, -0.6243798732757568, -0.6657979488372803, -0.6980118751525879, -0.6458559036254883, -0.5062620639801025, -0.5553500652313232, -0.5722239017486572, -0.5568840503692627, -0.5952339172363281, -0.6427879333496094, -0.6443219184875488, -0.6995458602905273, -0.5752918720245361, -0.4909219741821289, -0.5630199909210205, -0.5538160800933838, -0.561486005783081, -0.6197779178619385, -0.6642639636993408, -0.7194879055023193, -0.7210218906402588, -0.7133519649505615, -0.7394299507141113, -0.7762460708618164, -0.9219760894775391, -1.2165040969848633, -1.211902141571045, -1.2103681564331055, -1.2103681564331055, -1.2103681564331055, -1.2103681564331055, -1.2103681564331055, -1.2103681564331055, -1.211902141571045, -1.2103681564331055, -1.2103681564331055, -1.2103681564331055, -1.2103681564331055, -1.2103681564331055, -1.2103681564331055, -1.2103681564331055, -1.2103681564331055, -1.2103681564331055, -1.211902141571045, -1.2103681564331055, -1.2103681564331055, -1.211902141571045, -1.211902141571045, -1.2103681564331055, -1.2103681564331055, -1.2103681564331055, -1.211902141571045, -1.2103681564331055, -1.2103681564331055, -1.2103681564331055, -1.2103681564331055, -1.2103681564331055]

Device/SubDeviceList/RAnklePitch/Position/Sensor/Value = [-0.5429940223693848, -0.5583341121673584, -0.5966839790344238, -0.6227619647979736, -0.6242959499359131, -0.6150920391082764, -0.45862412452697754, -0.4831681251525879, -0.533790111541748, -0.5414600372314453, -0.5521979331970215, -0.5828781127929688, -0.6242959499359131, -0.6258301734924316, -0.6074221134185791, -0.4540219306945801, -0.460158109664917, -0.5092461109161377, -0.5491299629211426, -0.5798101425170898, -0.5982179641723633, -0.6365680694580078, -0.6365680694580078, -0.6381020545959473, -0.4693620204925537, -0.4693620204925537, -0.5261199474334717, -0.5475959777832031, -0.5614020824432373, -0.5844120979309082, -0.6242959499359131, -0.6227619647979736, -0.6427040100097656, -0.5752079486846924, -0.44481801986694336, -0.4893040657043457, -0.5322561264038086, -0.550663948059082, -0.5614020824432373, -0.5936160087585449, -0.6319661140441895, -0.6273641586303711, -0.6212279796600342, -0.4524879455566406, -0.4524879455566406, -0.49390602111816406, -0.5399260520935059, -0.5690720081329346, -0.6058881282806396, -0.6549761295318604, -0.6381020545959473, -0.6534421443939209, -0.5460619926452637, -0.46169209480285645, -0.516916036605835, -0.55373215675354, -0.5660040378570557, -0.5828781127929688, -0.6288981437683105, -0.6273641586303711, -0.6273641586303711, -0.4724299907684326, -0.4831681251525879, -0.536858081817627, -0.5460619926452637, -0.5629360675811768, -0.5828781127929688, -0.6411700248718262, -0.6411700248718262, -0.5552661418914795, -0.4540219306945801, -0.5123140811920166, -0.5230519771575928, -0.5399260520935059, -0.5660040378570557, -0.7362780570983887, -0.7700259685516357, -0.7700259685516357, -0.7684919834136963, -0.7638900279998779, -0.7638900279998779, -0.7592880725860596, -0.7500841617584229, -0.7516181468963623, -0.7531521320343018, -0.7562201023101807, -0.7562201023101807, -0.7562201023101807, -0.7562201023101807, -0.7562201023101807, -0.7562201023101807, -0.7562201023101807, -0.7562201023101807, -0.7562201023101807, -0.7562201023101807, -0.7562201023101807, -0.7562201023101807, -0.7562201023101807, -0.7562201023101807, -0.7562201023101807, -0.7562201023101807, -0.7562201023101807, -0.7562201023101807, -0.7562201023101807, -0.7562201023101807, -0.7562201023101807, -0.7562201023101807, -0.7562201023101807, -0.7562201023101807, -0.7562201023101807]

Device/SubDeviceList/LFoot/FSR/CenterOfPressure/Y/Sensor/Value = [-0.018386611714959145, -0.019099999219179153, -0.019099999219179153, -0.0034042573533952236, 0.029899999499320984, 0.01593419350683689, 0.029899999499320984, 0.029900001361966133, 0.022016119211912155, -0.019099999219179153, -0.01450409833341837, -0.017007876187562943, -0.017789892852306366, 0.029899999499320984, -0.003659171052277088, 0.007309667766094208, -0.004486314486712217, -0.01004097331315279, -0.019099999219179153, -0.019099999219179153, 0.029899999499320984, -0.019099999219179153, 0.010864277370274067, 0.018176395446062088, 0.02468603290617466, 0.029899999499320984, 0.029899999499320984, -0.016781842336058617, -0.019099999219179153, -0.017274511978030205, -0.019099999219179153, 0.029899999499320984, 0.029900001361966133, 0.009976649656891823, 0.02587398700416088, 0.029899999499320984, -0.0158745925873518, -0.019099999219179153, -0.019099999219179153, -0.018371637910604477, -0.0041280221194028854, 0.0030012449715286493, 0.006585629656910896, -0.0022225091233849525, -0.017832133919000626, 0.005045547150075436, -0.01675725355744362, -0.01746455766260624, -0.017931584268808365, -0.018672408536076546, -0.0011274346616119146, 0.01845574378967285, 0.006574696861207485, 0.023645026609301567, 0.029899999499320984, -0.010953647084534168, -0.015612692572176456, -0.01607932709157467, -0.018655169755220413, 0.029899999499320984, 0.022329576313495636, 0.029899999499320984, 0.029899999499320984, 0.029899997636675835, -0.01674836315214634, -0.019099999219179153, -0.017882587388157845, -0.018383845686912537, 0.029899999499320984, 0.029899999499320984, 0.029900001361966133, 0.029899997636675835, 0.029899999499320984, 0.029900001361966133, 0.029899999499320984, 0.029899999499320984, 0.028506895527243614, 0.02989705465734005, 0.029888061806559563, 0.0008366156835108995, 0.020305929705500603, -0.006593795958906412, -0.01619975082576275, -0.019099999219179153, -0.019099999219179153, -0.016889922320842743, -0.01714690774679184, -0.01847064681351185, -0.0175287164747715, -0.016930215060710907, -0.019099999219179153, -0.019022321328520775, -0.019099999219179153, -0.01683470979332924, -0.019011761993169785, -0.018345745280385017, -0.01632131077349186, -0.016909966245293617, -0.018988247960805893, -0.01897641085088253, -0.018971581012010574, -0.018555430695414543, -0.016327710822224617, -0.01619427651166916, -0.016509005799889565, -0.018532495945692062, -0.015938883647322655, -0.018452968448400497, -0.016061224043369293, -0.015725407749414444]

Device/SubDeviceList/LAnkleRoll/ElectricCurrent/Sensor/Value = [0.19200000166893005, 0.0, 0.06400000303983688, 0.0, 0.0, 0.0, 0.5600000023841858, 0.24000000953674316, 0.24000000953674316, 0.06400000303983688, 0.2240000069141388, 0.0, 0.0, 0.0, 0.0, 0.0, 0.08000000566244125, 0.0, 0.0, 0.01600000075995922, 0.04800000041723251, 0.04800000041723251, 0.0, 0.0, 0.04800000041723251, 0.4960000216960907, 0.0, 0.01600000075995922, 0.0, 0.0, 0.0, 0.0, 0.1600000113248825, 0.3680000305175781, 0.1600000113248825, 0.19200000166893005, 0.0, 0.24000000953674316, 0.0, 0.03200000151991844, 0.0, 0.06400000303983688, 0.0, 0.0, 0.1120000034570694, 0.0, 0.1120000034570694, 0.12800000607967377, 0.0, 0.14400000870227814, 0.0, 0.0, 0.25600001215934753, 0.3680000305175781, 0.0, 0.01600000075995922, 0.0, 0.0, 0.08000000566244125, 0.0, 0.0, 0.25600001215934753, 0.5120000243186951, 0.0, 0.0, 0.3680000305175781, 0.01600000075995922, 0.0, 0.0, 0.4320000112056732, 0.7200000286102295, 0.17600001394748688, 0.6720000505447388, 0.04800000041723251, 0.0, 0.0, 0.5760000348091125, 0.0, 0.0, 0.0, 0.0, 0.0, 0.0, 0.0, 0.0, 0.0, 0.0, 0.0, 0.0, 0.0, 0.0, 0.0, 0.0, 0.0, 0.0, 0.0, 0.0, 0.0, 0.0, 0.0, 0.0, 0.0, 0.0, 0.0, 0.0, 0.0, 0.0, 0.0, 0.0, 0.0]

Device/SubDeviceList/RKneePitch/Position/Sensor/Value = [0.8575479984283447, 0.8544800281524658, 0.8636841773986816, 0.8238000869750977, 0.7839159965515137, 0.9756660461425781, 0.8728880882263184, 0.8575479984283447, 0.885159969329834, 0.8606162071228027, 0.8560140132904053, 0.8606162071228027, 0.8437418937683105, 0.7961878776550293, 0.9925398826599121, 0.8744220733642578, 0.8790240287780762, 0.8728880882263184, 0.8529460430145264, 0.8437418937683105, 0.848344087600708, 0.8437418937683105, 0.7915859222412109, 0.9772000312805176, 0.8744220733642578, 0.8468098640441895, 0.8836259841918945, 0.8652181625366211, 0.8544800281524658, 0.8575479984283447, 0.8529460430145264, 0.7701098918914795, 0.8575479984283447, 0.9864039421081543, 0.8544800281524658, 0.8805580139160156, 0.8820919990539551, 0.8529460430145264, 0.8514120578765869, 0.8606162071228027, 0.848344087600708, 0.788517951965332, 0.9879379272460938, 0.8974318504333496, 0.8713541030883789, 0.8606162071228027, 0.8422079086303711, 0.8330039978027344, 0.8514120578765869, 0.8590822219848633, 0.7900519371032715, 0.9357819557189941, 0.9495878219604492, 0.8299360275268555, 0.8667521476745605, 0.8744220733642578, 0.8529460430145264, 0.8621501922607422, 0.8560140132904053, 0.7593719959259033, 0.9679961204528809, 0.8897619247436523, 0.8575479984283447, 0.8882279396057129, 0.8575479984283447, 0.8544800281524658, 0.8590822219848633, 0.8391399383544922, 0.8529460430145264, 0.9695301055908203, 0.8299360275268555, 0.8682861328125, 0.8345379829406738, 0.8191978931427002, 0.8268680572509766, 0.7793140411376953, 0.7532360553741455, 0.754770040512085, 0.7210218906402588, 0.6842060089111328, 0.6458559036254883, 0.6611959934234619, 0.6995458602905273, 0.7056820392608643, 0.7118179798126221, 0.7164199352264404, 0.7164199352264404, 0.7164199352264404, 0.7164199352264404, 0.7179539203643799, 0.7179539203643799, 0.7164199352264404, 0.7164199352264404, 0.7164199352264404, 0.7164199352264404, 0.7164199352264404, 0.7164199352264404, 0.7164199352264404, 0.7179539203643799, 0.7164199352264404, 0.7164199352264404, 0.7164199352264404, 0.7164199352264404, 0.7164199352264404, 0.7164199352264404, 0.7164199352264404, 0.7164199352264404, 0.7164199352264404, 0.7164199352264404, 0.7164199352264404]

Device/SubDeviceList/LAnklePitch/ElectricCurrent/Sensor/Value = [0.0, 0.0, 0.19200000166893005, 0.0, 0.527999997138977, 0.3680000305175781, 0.4480000138282776, 0.2240000069141388, 0.09600000083446503, 0.09600000083446503, 0.0, 0.14400000870227814, 0.0, 0.6720000505447388, 0.41600000858306885, 0.35200002789497375, 0.30400002002716064, 0.0, 0.08000000566244125, 0.0, 0.0, 0.06400000303983688, 0.5440000295639038, 0.5920000076293945, 0.5440000295639038, 0.320000022649765, 0.5120000243186951, 0.17600001394748688, 0.04800000041723251, 0.0, 0.24000000953674316, 0.2720000147819519, 0.527999997138977, 0.19200000166893005, 0.1600000113248825, 0.3680000305175781, 0.0, 0.0, 0.0, 0.04800000041723251, 0.1120000034570694, 0.5440000295639038, 0.3840000033378601, 0.320000022649765, 0.0, 0.0, 0.0, 0.0, 0.04800000041723251, 0.03200000151991844, 0.25600001215934753, 0.48000001907348633, 0.2240000069141388, 0.30400002002716064, 0.41600000858306885, 0.0, 0.0, 0.19200000166893005, 0.41600000858306885, 0.784000039100647, 0.35200002789497375, 0.3840000033378601, 0.4480000138282776, 0.0, 0.0, 0.0, 0.0, 0.0, 0.7200000286102295, 0.2880000174045563, 0.4960000216960907, 0.3840000033378601, 0.9440000653266907, 1.6640000343322754, 1.8720000982284546, 0.04800000041723251, 0.9120000600814819, 0.0, 0.0, 0.0, 0.0, 0.0, 0.0, 0.0, 0.0, 0.0, 0.0, 0.0, 0.0, 0.0, 0.0, 0.0, 0.0, 0.0, 0.0, 0.0, 0.0, 0.0, 0.0, 0.0, 0.0, 0.0, 0.0, 0.0, 0.0, 0.0, 0.0, 0.0, 0.0, 0.0]

Device/SubDeviceList/LHipYawPitch/ElectricCurrent/Sensor/Value = [0.4480000138282776, 0.0, 0.01600000075995922, 0.04800000041723251, 0.0, 0.19200000166893005, 0.0, 0.0, 0.0, 0.0, 0.0, 0.0, 0.24000000953674316, 0.0, 0.1600000113248825, 0.0, 0.0, 0.0, 0.0, 0.0, 0.0, 0.0, 0.04800000041723251, 0.1120000034570694, 0.08000000566244125, 0.0, 0.0, 0.04800000041723251, 0.0, 0.0, 0.0, 0.0, 0.0, 0.0, 0.0, 0.0, 0.0, 0.04800000041723251, 0.0, 0.0, 0.0, 0.0, 0.0, 0.0, 0.0, 0.3360000252723694, 0.08000000566244125, 0.0, 0.0, 0.0, 0.04800000041723251, 0.0, 0.0, 0.0, 0.04800000041723251, 0.0, 0.0, 0.35200002789497375, 0.0, 0.03200000151991844, 0.01600000075995922, 0.0, 0.0, 0.0, 0.17600001394748688, 0.0, 0.0, 0.0, 0.0, 0.24000000953674316, 0.0, 0.09600000083446503, 0.0, 0.0, 0.0, 0.30400002002716064, 0.0, 0.19200000166893005, 0.0, 0.0, 0.0, 0.0, 0.0, 0.0, 0.0, 0.0, 0.0, 0.0, 0.0, 0.0, 0.0, 0.0, 0.0, 0.0, 0.0, 0.0, 0.0, 0.0, 0.0, 0.0, 0.0, 0.0, 0.0, 0.0, 0.0, 0.0, 0.0, 0.0, 0.0, 0.0]

Device/SubDeviceList/RKneePitch/ElectricCurrent/Sensor/Value = [0.8160000443458557, 0.3680000305175781, 0.35200002789497375, 0.14400000870227814, 0.17600001394748688, 0.0, 0.01600000075995922, 0.1600000113248825, 0.784000039100647, 0.9760000705718994, 0.5120000243186951, 0.3680000305175781, 0.03200000151991844, 0.1600000113248825, 0.0, 0.0, 0.0, 0.5760000348091125, 0.784000039100647, 0.2720000147819519, 0.0, 0.9600000381469727, 0.09600000083446503, 0.1120000034570694, 0.0, 0.09600000083446503, 0.24000000953674316, 0.8960000276565552, 0.6880000233650208, 0.24000000953674316, 0.5120000243186951, 0.0, 0.08000000566244125, 0.0, 0.0, 0.0, 0.8160000443458557, 0.8160000443458557, 0.5440000295639038, 0.2720000147819519, 0.7200000286102295, 0.0, 0.3840000033378601, 0.0, 0.0, 0.4320000112056732, 0.7680000066757202, 0.24000000953674316, 0.14400000870227814, 0.5600000023841858, 0.0, 0.0, 0.0, 0.2240000069141388, 0.0, 0.6720000505447388, 0.7040000557899475, 0.4000000059604645, 0.6720000505447388, 0.3360000252723694, 0.0, 0.0, 0.19200000166893005, 0.8320000171661377, 0.7520000338554382, 0.35200002789497375, 0.2720000147819519, 0.6720000505447388, 0.0, 0.04800000041723251, 0.3840000033378601, 0.0, 0.0, 0.0, 0.2240000069141388, 0.17600001394748688, 0.2880000174045563, 0.0, 0.0, 0.0, 0.0, 0.0, 0.0, 0.0, 0.0, 0.0, 0.0, 0.0, 0.0, 0.0, 0.0, 0.0, 0.0, 0.0, 0.0, 0.0, 0.0, 0.0, 0.0, 0.0, 0.0, 0.0, 0.0, 0.0, 0.0, 0.0, 0.0, 0.0, 0.0, 0.0]

Device/SubDeviceList/InertialSensor/GyroscopeZ/Sensor/Value = [-0.1113201379776001, 0.1432780623435974, -0.027164243161678314, -0.04261057823896408, 0.001065264455974102, -0.016511598601937294, -0.07030745595693588, 0.14674018323421478, 0.18082864582538605, -0.18828549981117249, 0.07137271761894226, 0.19228023290634155, -0.1709749400615692, 0.009853696450591087, 0.006125270389020443, -0.17843179404735565, 0.11664646118879318, 0.07270430028438568, -0.12357068061828613, 0.15153387188911438, -0.10839065909385681, -0.057257965207099915, -0.03941478580236435, 0.192546546459198, -0.12809805572032928, 0.08495484292507172, 0.062584288418293, -0.04447479173541069, 0.12969595193862915, 0.07057376950979233, -0.09454222023487091, 0.12250541150569916, -0.005060005933046341, -0.18189390003681183, -0.15925703942775726, 0.18189390003681183, 0.02370213344693184, -0.060986388474702835, 0.1390170156955719, -0.08575379103422165, 0.16538231074810028, -0.10626012831926346, 0.37950044870376587, -0.23675502836704254, 0.05139901116490364, 0.09906959533691406, -0.046605318784713745, 0.3491404354572296, -0.03328951448202133, -0.0673779770731926, -0.005060005933046341, 0.30466562509536743, -0.14727281033992767, -0.02263686992228031, 0.2641855776309967, -0.12729910016059875, 0.00532632227987051, 0.0860201045870781, -0.22050973773002625, 0.026098979637026787, 0.13848437368869781, -0.099868543446064, 0.0511326938867569, 0.19228023290634155, -0.20026971399784088, 0.002130528911948204, 0.256462424993515, -0.21092236042022705, 0.041012682020664215, 0.13741911947727203, -0.2588592767715454, 0.07909588515758514, 0.055393751710653305, -0.1600559800863266, -0.6426208019256592, -0.06657902896404266, 1.3030847311019897, -0.7406250834465027, 0.5046690106391907, -0.013049489818513393, -1.3603427410125732, -2.612560987472534, -1.6495620012283325, -0.35659727454185486, -0.13262543082237244, -0.2522013485431671, 0.01571265049278736, -0.005060005933046341, 0.0, 0.0007989483419805765, 0.0018642127979546785, -0.002663161139935255, 0.001065264455974102, 0.0, -0.0013315805699676275, -0.002663161139935255, -0.002130528911948204, -0.0002663161139935255, 0.002663161139935255, 0.000532632227987051, 0.003195793367922306, 0.0018642127979546785, -0.0013315805699676275, 0.000532632227987051, 0.0007989483419805765, -0.001065264455974102, -0.0007989483419805765, -0.0018642127979546785, -0.0007989483419805765, -0.0018642127979546785]

Device/SubDeviceList/InertialSensor/AngleZ/Sensor/Value = [-0.9788715243339539, -0.9746530652046204, -0.9723520874977112, -0.9901846051216125, -0.9735025763511658, -0.9664078950881958, -0.9867331981658936, -0.9815559983253479, -0.9635317325592041, -0.9763787984848022, -0.9965122938156128, -0.9827064871788025, -0.9892258644104004, -0.9842404723167419, -0.9729273319244385, -0.9926773309707642, -1.0001554489135742, -0.9880753755569458, -0.9875001311302185, -0.9725438356399536, -0.9736943244934082, -0.9850074648857117, -1.0011142492294312, -0.9769540429115295, -0.9898011088371277, -0.9982380270957947, -0.9827064871788025, -0.9838569760322571, -0.9970875382423401, -0.9882671236991882, -0.9945948123931885, -0.9911433458328247, -0.9911433458328247, -0.9915268421173096, -1.0137696266174316, -1.0051409006118774, -0.9940195679664612, -1.0026482343673706, -0.9846239686012268, -0.9859662055969238, -0.989034116268158, -1.001497745513916, -0.9850074648857117, -1.0055243968963623, -1.0128108263015747, -1.0034152269363403, -0.9984297752380371, -0.9901846051216125, -0.9875001311302185, -1.0024564266204834, -1.0034152269363403, -0.9970875382423401, -0.9997720122337341, -1.026233196258545, -1.0055243968963623, -1.0020729303359985, -1.0197137594223022, -1.009359359741211, -1.019521951675415, -1.0176045894622803, -1.0060997009277344, -1.0166457891464233, -1.0254662036895752, -1.0034152269363403, -1.0154953002929688, -1.0281506776809692, -1.0164541006088257, -1.022206425666809, -1.0354371070861816, -0.9951700568199158, -1.006866693496704, -1.0287258625030518, -1.014728307723999, -1.0216312408447266, -1.084524393081665, -1.099672555923462, -1.0091676712036133, -1.014728307723999, -1.00418221950531, -0.9932525753974915, -1.0076336860656738, -1.1926701068878174, -1.5976409912109375, -1.7648448944091797, -1.789005160331726, -1.8200682401657104, -1.8304226398468018, -1.8309978246688843, -1.8309978246688843, -1.8308061361312866, -1.8308061361312866, -1.8309978246688843, -1.8309978246688843, -1.8308061361312866, -1.8308061361312866, -1.8309978246688843, -1.8311896324157715, -1.8313813209533691, -1.8311896324157715, -1.8309978246688843, -1.8309978246688843, -1.8308061361312866, -1.8308061361312866, -1.8306143283843994, -1.8308061361312866, -1.8306143283843994, -1.8306143283843994, -1.8306143283843994, -1.8308061361312866, -1.8306143283843994]

Device/SubDeviceList/InertialSensor/AccelerometerY/Sensor/Value = [3.6787500381469727, 1.6286133527755737, 2.605781316757202, 1.8393750190734863, -1.2933106422424316, -2.902763843536377, -1.2933106422424316, -1.7052539587020874, -2.0309765338897705, 2.682421922683716, 1.9639160633087158, 1.9639160633087158, 3.841611385345459, -1.2454102039337158, -2.0980372428894043, -2.2513184547424316, -0.2586621344089508, -0.6514453291893005, 2.0118165016174316, 0.8813672065734863, 0.8334668278694153, -0.14370118081569672, 1.4657520055770874, -1.7531543970108032, -1.6094532012939453, -1.55197274684906, -2.3087990283966064, 3.353027582168579, 1.5998730659484863, 2.222578287124634, 1.9734961986541748, -1.6381934881210327, -3.2189064025878906, -1.3795312643051147, -1.4370118379592896, -1.5136524438858032, -0.7185059189796448, 0.5173242688179016, 1.4274317026138306, 2.165097713470459, -0.9771680235862732, 0.04790039360523224, -1.3795312643051147, -1.7148340940475464, -0.6897656321525574, -1.446591854095459, 2.193837881088257, 0.2586621344089508, 1.4274317026138306, 1.4944922924041748, 0.8430469036102295, -1.1400293111801147, -1.3891113996505737, -2.3375391960144043, -3.161425828933716, -1.829795002937317, 3.132685661315918, 2.7207422256469727, 2.7494826316833496, -2.0022363662719727, -3.0273048877716064, -2.423759937286377, -2.222578287124634, -2.414179801940918, 3.0560450553894043, 2.8261232376098633, 1.6286133527755737, 4.339775562286377, -0.7568262219429016, -2.62494158744812, -3.5350489616394043, -3.9853127002716064, -3.5254688262939453, -4.540957450866699, -4.358935832977295, -4.138594150543213, -2.452500104904175, -2.0692970752716064, -1.111289143562317, -2.165097713470459, -3.3147072792053223, -4.53137731552124, -1.9830762147903442, -1.8010547161102295, -1.2454102039337158, -0.9963281750679016, -1.0538086891174316, -0.9580078721046448, -0.9867480993270874, -0.9963281750679016, -1.0346485376358032, -0.9771680235862732, -0.9580078721046448, -0.9867480993270874, -0.9963281750679016, -0.9771680235862732, -1.0154882669448853, -0.967587947845459, -0.9771680235862732, -0.9963281750679016, -0.9867480993270874, -0.9867480993270874, -0.9963281750679016, -0.9771680235862732, -0.9963281750679016, -0.9963281750679016, -0.9963281750679016, -1.0059082508087158, -0.9867480993270874, -1.0059082508087158]

Device/SubDeviceList/RAnkleRoll/Position/Sensor/Value = [-0.15949392318725586, -0.16102814674377441, -0.07512402534484863, 0.10588788986206055, 0.21480202674865723, 0.2838320732116699, 0.21633601188659668, 0.05373191833496094, -0.11807608604431152, -0.17943596839904785, -0.17943596839904785, -0.15949392318725586, 0.03072190284729004, 0.1595778465270996, 0.21940398216247559, 0.18565607070922852, 0.08594608306884766, -0.09353208541870117, -0.16256213188171387, -0.14568805694580078, -0.06745409965515137, 0.0614018440246582, 0.1733839511871338, 0.2255399227142334, 0.22400593757629395, 0.11202406883239746, -0.06745409965515137, -0.16102814674377441, -0.1779019832611084, -0.12421202659606934, 0.019984006881713867, 0.15497589111328125, 0.22093796730041504, 0.2516179084777832, 0.19025802612304688, 0.05526590347290039, -0.11500811576843262, -0.17636799812316895, -0.1779019832611084, -0.11807608604431152, 0.03225588798522949, 0.13503408432006836, 0.17798590660095215, 0.1304318904876709, 0.019984006881713867, -0.1318819522857666, -0.21471810340881348, -0.23466014862060547, -0.19324207305908203, -0.02603602409362793, 0.10281991958618164, 0.19485998153686523, 0.22707390785217285, 0.17184996604919434, 0.013848066329956055, -0.1318819522857666, -0.17330002784729004, -0.11807608604431152, 0.05373191833496094, 0.2086658477783203, 0.2838320732116699, 0.2316758632659912, 0.06293606758117676, -0.1257460117340088, -0.18250393867492676, -0.17943596839904785, -0.16563010215759277, 0.06447005271911621, 0.17491793632507324, 0.2546858787536621, 0.19179201126098633, 0.027653932571411133, -0.09660005569458008, -0.1318819522857666, -0.10426998138427734, 4.1961669921875e-05, 0.04452800750732422, 0.042994022369384766, 0.04606199264526367, 0.06293606758117676, 0.05986785888671875, 0.03992605209350586, 0.04452800750732422, 0.04452800750732422, 0.042994022369384766, 0.04452800750732422, 0.042994022369384766, 0.042994022369384766, 0.04452800750732422, 0.04452800750732422, 0.042994022369384766, 0.04452800750732422, 0.04452800750732422, 0.04452800750732422, 0.04452800750732422, 0.04452800750732422, 0.04452800750732422, 0.04452800750732422, 0.04452800750732422, 0.04452800750732422, 0.04452800750732422, 0.04452800750732422, 0.042994022369384766, 0.04452800750732422, 0.042994022369384766, 0.04452800750732422, 0.04452800750732422, 0.04452800750732422, 0.04452800750732422, 0.04452800750732422]

Device/SubDeviceList/RAnklePitch/ElectricCurrent/Sensor/Value = [0.3680000305175781, 0.14400000870227814, 0.0, 0.0, 0.04800000041723251, 0.0, 0.0, 0.08000000566244125, 0.24000000953674316, 0.25600001215934753, 0.0, 0.0, 0.12800000607967377, 0.14400000870227814, 0.0, 0.0, 0.06400000303983688, 0.0, 0.5600000023841858, 0.3840000033378601, 0.0, 0.2880000174045563, 0.04800000041723251, 0.01600000075995922, 0.0, 0.04800000041723251, 0.5120000243186951, 0.3680000305175781, 0.24000000953674316, 0.14400000870227814, 0.35200002789497375, 0.0, 0.06400000303983688, 0.0, 0.08000000566244125, 0.01600000075995922, 0.2720000147819519, 0.35200002789497375, 0.4960000216960907, 0.0, 0.320000022649765, 0.1120000034570694, 0.0, 0.09600000083446503, 0.09600000083446503, 0.0, 0.5760000348091125, 0.4000000059604645, 0.4320000112056732, 0.48000001907348633, 0.03200000151991844, 0.0, 0.08000000566244125, 0.4480000138282776, 0.4480000138282776, 0.3680000305175781, 0.1120000034570694, 0.0, 0.0, 0.06400000303983688, 0.01600000075995922, 0.03200000151991844, 0.0, 0.2240000069141388, 0.25600001215934753, 0.25600001215934753, 0.0, 0.5600000023841858, 0.06400000303983688, 0.04800000041723251, 0.0, 0.12800000607967377, 0.09600000083446503, 0.0, 0.04800000041723251, 0.0, 0.0, 0.0, 0.0, 0.0, 0.0, 0.0, 0.0, 0.0, 0.0, 0.0, 0.0, 0.0, 0.0, 0.0, 0.0, 0.0, 0.0, 0.0, 0.0, 0.0, 0.0, 0.0, 0.0, 0.0, 0.0, 0.0, 0.0, 0.0, 0.0, 0.0, 0.0, 0.0, 0.0, 0.0]

Device/SubDeviceList/InertialSensor/AccelerometerX/Sensor/Value = [-1.2645703554153442, -0.4598437547683716, -1.101709008216858, -0.8526269793510437, -0.1341211050748825, -0.08622070401906967, 0.268242210149765, -0.6035449504852295, -0.07664062827825546, 0.7664062976837158, -0.1341211050748825, -0.7855664491653442, -1.7244141101837158, 0.03832031413912773, -0.8143066763877869, -0.14370118081569672, -0.6610254049301147, -0.77598637342453, -0.7376660704612732, 0.03832031413912773, -0.22034180164337158, -1.8010547161102295, -1.55197274684906, 0.20118165016174316, 0.8526269793510437, -0.5652246475219727, -0.670605480670929, -0.06706055253744125, 0.7855664491653442, -0.1245410218834877, -0.5748047232627869, -0.29698243737220764, 0.14370118081569672, -0.4981640875339508, -0.6227051019668579, -1.7723145484924316, 0.17244140803813934, 0.44068360328674316, -0.17244140803813934, -0.9388477206230164, -1.063388705253601, -0.3640429973602295, -0.3544628918170929, 0.16286133229732513, -0.7951465249061584, -1.2741504907608032, -0.28740236163139343, -0.19160157442092896, 0.28740236163139343, -0.670605480670929, -0.5173242688179016, -0.5173242688179016, -0.4694238603115082, -0.2395019680261612, -0.05748046934604645, -0.14370118081569672, 0.8622070550918579, -1.456171989440918, -1.0059082508087158, -0.03832031413912773, 0.019160157069563866, -0.4981640875339508, -1.207089900970459, -0.4981640875339508, 0.08622070401906967, -0.06706055253744125, -0.7664062976837158, -1.4370118379592896, 0.8813672065734863, 0.03832031413912773, -0.6035449504852295, -0.6418652534484863, -0.4981640875339508, 1.4753321409225464, 1.9926563501358032, 2.0788769721984863, -0.5939648747444153, 1.590293049812317, -0.09580078721046448, -0.9771680235862732, 2.5004005432128906, 5.690566539764404, 7.874824523925781, 10.384804725646973, 9.608819007873535, 9.944121360778809, 9.934541702270508, 9.92496109008789, 9.905800819396973, 9.934541702270508, 9.934541702270508, 9.905800819396973, 9.91538143157959, 9.92496109008789, 9.92496109008789, 9.905800819396973, 9.934541702270508, 9.944121360778809, 9.934541702270508, 9.953701972961426, 9.934541702270508, 9.905800819396973, 9.92496109008789, 9.92496109008789, 9.905800819396973, 9.896221160888672, 9.934541702270508, 9.92496109008789, 9.92496109008789, 9.92496109008789]

Device/SubDeviceList/InertialSensor/GyroscopeY/Sensor/Value = [0.07190535217523575, -0.2106560468673706, -0.10785802453756332, 0.006125270389020443, 0.24394555389881134, 0.14008226990699768, -0.02636529505252838, -0.012250540778040886, -0.003195793367922306, 0.07536745816469193, -0.2135855257511139, -0.1576591432094574, 0.18429075181484222, 0.2514024078845978, 0.099868543446064, -0.2269013226032257, -0.1360875368118286, 0.07137271761894226, 0.1853560209274292, 0.02316950261592865, -0.05512743443250656, -0.15686018764972687, -0.06684534251689911, 0.46605318784713745, 0.08229167759418488, -0.08415589481592178, -0.041012682020664215, 0.019174760207533836, -0.14540860056877136, -0.05060006305575371, 0.06657902896404266, 0.1414138525724411, -0.07243798673152924, -0.10732539743185043, -0.14966966211795807, 0.17949706315994263, 0.07616640627384186, 0.11318434774875641, -0.18695391714572906, -0.07376956194639206, -0.08921589702367783, 0.1408812254667282, 0.2436792403459549, -0.09427590668201447, -0.14514228701591492, -0.21944448351860046, 0.31798145174980164, 0.21411815285682678, -0.07510114461183548, -0.1696433573961258, -0.10466223210096359, 0.17523600161075592, -0.13875070214271545, -0.02689792774617672, 0.04048004746437073, 0.16298545897006989, -0.12650015950202942, -0.28602349758148193, 0.025832662358880043, 0.28549087047576904, 0.14887070655822754, -0.15073491632938385, -0.10972224175930023, 0.032224249094724655, 0.19228023290634155, -0.09214537590742111, -0.17603495717048645, 0.05752427875995636, 0.15872439742088318, 0.01944107562303543, -0.24714136123657227, -0.05379585549235344, 0.3768373131752014, 0.4471447467803955, 1.0170612335205078, 0.8266451954841614, -0.8058725595474243, 1.1859056949615479, 1.2956279516220093, 2.941727876663208, -0.4644553065299988, 0.2045307755470276, 0.9054747819900513, 0.18642127513885498, -0.009054748341441154, -0.013582121580839157, -0.004793690051883459, -0.001597896683961153, 0.000532632227987051, 0.0034621094819158316, -0.0007989483419805765, 0.002130528911948204, 0.002663161139935255, 0.0034621094819158316, 0.001597896683961153, 0.0, 0.000532632227987051, 0.001065264455974102, 0.004527374170720577, -0.001597896683961153, 0.0, -0.0013315805699676275, -0.0018642127979546785, 0.0002663161139935255, 0.0007989483419805765, 0.000532632227987051, 0.0, 0.003994741477072239, -0.003195793367922306, -0.0007989483419805765]

Device/SubDeviceList/RHipRoll/Position/Sensor/Value = [0.08748006820678711, 0.107421875, 0.08594608306884766, 0.010779857635498047, -0.14568805694580078, -0.23619413375854492, -0.2208540439605713, -0.14262008666992188, 0.0844118595123291, 0.107421875, 0.11662602424621582, 0.12122797966003418, 0.09821796417236328, -0.06898808479309082, -0.2070479393005371, -0.16716408729553223, -0.11500811576843262, 0.0583338737487793, 0.12429594993591309, 0.14270401000976562, 0.1104898452758789, 0.0353238582611084, -0.11194014549255371, -0.19170808792114258, -0.2070479393005371, -0.16869807243347168, -0.0014920234680175781, 0.09821796417236328, 0.10588788986206055, 0.10281991958618164, 0.0813438892364502, -0.0858621597290039, -0.15029001235961914, -0.2438640594482422, -0.18864011764526367, -0.09506607055664062, 0.07367396354675293, 0.11969399452209473, 0.12889790534973145, 0.1334998607635498, 0.06753802299499512, -0.07359004020690918, -0.14568805694580078, -0.13955211639404297, -0.05518198013305664, 0.09668397903442383, 0.15804386138916016, 0.18565607070922852, 0.1795198917388916, 0.15497589111328125, -0.04137611389160156, -0.1318819522857666, -0.19937801361083984, -0.17636799812316895, -0.0858621597290039, 0.09361600875854492, 0.10281991958618164, 0.09514999389648438, 0.06600403785705566, -0.10120201110839844, -0.23926210403442383, -0.2239220142364502, -0.1318819522857666, 0.07213997840881348, 0.11202406883239746, 0.11816000938415527, 0.1334998607635498, 0.06753802299499512, -0.08125996589660645, -0.21778607368469238, -0.1978440284729004, -0.05058002471923828, 0.07213997840881348, 0.07980990409851074, 0.0844118595123291, 0.07827591896057129, -0.0014920234680175781, -0.0060939788818359375, -0.0030260086059570312, -0.0367741584777832, -0.06131792068481445, -0.05518198013305664, -0.07052206993103027, -0.06592011451721191, -0.06592011451721191, -0.06745409965515137, -0.06592011451721191, -0.06592011451721191, -0.06592011451721191, -0.06592011451721191, -0.06592011451721191, -0.06592011451721191, -0.06592011451721191, -0.06592011451721191, -0.06592011451721191, -0.06592011451721191, -0.06592011451721191, -0.06592011451721191, -0.06592011451721191, -0.06592011451721191, -0.06592011451721191, -0.06745409965515137, -0.06592011451721191, -0.06592011451721191, -0.06592011451721191, -0.06745409965515137, -0.06745409965515137, -0.06745409965515137, -0.06745409965515137, -0.06745409965515137]

Device/SubDeviceList/InertialSensor/AccelerometerZ/Sensor/Value = [-12.07089900970459, -9.953701972961426, -9.580078125, -10.078242301940918, -10.011181831359863, -9.742939949035645, -10.15488338470459, -8.34424877166748, -9.656719207763672, -9.790840148925781, -8.746611595153809, -8.928632736206055, -10.63388729095459, -9.30225658416748, -9.771679878234863, -10.241104125976562, -9.014853477478027, -9.283096313476562, -11.151211738586426, -8.928632736206055, -9.599238395690918, -9.005273818969727, -9.666298866271973, -8.181386947631836, -9.647139549255371, -9.340576171875, -8.497529983520508, -11.467353820800781, -8.58375072479248, -9.800420761108398, -9.723779678344727, -8.286767959594727, -10.997930526733398, -8.00894546508789, -9.790840148925781, -9.857900619506836, -9.244775772094727, -8.497529983520508, -10.5380859375, -10.126143455505371, -8.756192207336426, -9.867481231689453, -8.48794937133789, -8.641230583190918, -9.886641502380371, -9.54175853729248, -11.11289119720459, -9.244775772094727, -10.5380859375, -10.720108032226562, -9.398056983947754, -9.187294960021973, -9.120234489440918, -10.336904525756836, -10.921289443969727, -10.030342102050781, -10.001602172851562, -9.560918807983398, -9.54175853729248, -10.202783584594727, -10.5380859375, -9.92496109008789, -9.0914945602417, -9.474698066711426, -8.938213348388672, -9.110654830932617, -8.24844741821289, -10.317744255065918, -11.620635032653809, -8.82325267791748, -9.771679878234863, -10.461445808410645, -8.593330383300781, -8.928632736206055, -8.72745132446289, -8.123906135559082, -5.336103916168213, -4.521797180175781, -0.77598637342453, 0.4502636790275574, -0.06706055253744125, -0.06706055253744125, 1.2262500524520874, 0.07664062827825546, 0.20118165016174316, 0.16286133229732513, 0.22034180164337158, 0.2395019680261612, 0.21076172590255737, 0.22034180164337158, 0.22034180164337158, 0.22034180164337158, 0.17244140803813934, 0.20118165016174316, 0.21076172590255737, 0.19160157442092896, 0.22034180164337158, 0.21076172590255737, 0.22034180164337158, 0.20118165016174316, 0.2299218773841858, 0.20118165016174316, 0.20118165016174316, 0.19160157442092896, 0.22034180164337158, 0.21076172590255737, 0.20118165016174316, 0.22034180164337158, 0.21076172590255737, 0.19160157442092896]

