
Description:
----------




Gait parameters:
----------

MaxStepX = 0.0799999982119
TorsoWy = 0.122173048556
TorsoWx = -0.122173048556
StepHeight = 0.00499999988824
Stiffness = 0.0
MaxStepTheta = 0.523598790169
MaxStepY = 0.101000003517
MaxStepFrequency = 0.0


Stats:
----------

average_speed = 0.00344826539484
final_displacement = 0.0926566468354
elapsed_time = 26.8705091476


Sensor values:
----------

times = [0.02726912498474121, 0.3630549907684326, 0.48897600173950195, 0.6243481636047363, 0.7727460861206055, 0.8771040439605713, 0.9965250492095947, 1.0967929363250732, 1.2329859733581543, 1.3618049621582031, 1.4875149726867676, 1.637481927871704, 1.7893340587615967, 1.9541170597076416, 2.091515064239502, 2.2276229858398438, 2.357793092727661, 2.49725604057312, 2.637622117996216, 2.7584760189056396, 2.905630111694336, 3.0270869731903076, 3.164339065551758, 3.2856810092926025, 3.415243148803711, 3.545750141143799, 3.681313991546631, 3.8193230628967285, 3.964684009552002, 4.1078040599823, 4.235460042953491, 4.363415002822876, 4.5011279582977295, 4.639740943908691, 4.780332088470459, 4.919337034225464, 5.097893953323364, 5.259299039840698, 5.4374940395355225, 5.562914133071899, 5.684560060501099, 5.8165929317474365, 5.945258140563965, 6.098735094070435, 6.219179153442383, 6.347686052322388, 6.471296072006226, 6.597782135009766, 6.733649015426636, 6.872663974761963, 26.870509147644043]

Device/SubDeviceList/LHipPitch/Position/Sensor/Value = [-0.1257460117340088, -0.28374814987182617, -0.6963939666748047, -0.8743381500244141, -0.8881440162658691, -0.897348165512085, -0.9771161079406738, -1.158128023147583, -1.162730097770691, -1.1826720237731934, -1.1842060089111328, -1.1842060089111328, -1.1842060089111328, -1.1842060089111328, -1.1826720237731934, -1.1842060089111328, -1.1842060089111328, -1.1842060089111328, -1.1842060089111328, -1.1842060089111328, -1.1842060089111328, -1.1842060089111328, -1.1842060089111328, -1.1842060089111328, -1.1842060089111328, -1.1842060089111328, -1.1842060089111328, -1.1842060089111328, -1.1842060089111328, -1.1842060089111328, -1.1842060089111328, -1.1842060089111328, -1.1842060089111328, -1.1842060089111328, -1.1842060089111328, -1.1826720237731934, -1.1842060089111328, -1.1842060089111328, -1.1842060089111328, -1.1842060089111328, -1.1842060089111328, -1.1826720237731934, -1.1842060089111328, -1.1842060089111328, -1.1842060089111328, -1.1842060089111328, -1.1842060089111328, -1.1842060089111328, -1.1842060089111328, -1.1842060089111328, -0.43561410903930664]

Device/SubDeviceList/LHipYawPitch/Position/Sensor/Value = [0.007711887359619141, -0.0030260086059570312, -0.0030260086059570312, 0.010779857635498047, 0.009245872497558594, 0.009245872497558594, -0.0014920234680175781, 4.1961669921875e-05, -0.0030260086059570312, -0.004559993743896484, -0.0030260086059570312, -0.0030260086059570312, -0.0030260086059570312, -0.004559993743896484, -0.0030260086059570312, -0.0030260086059570312, -0.0030260086059570312, -0.004559993743896484, -0.004559993743896484, -0.004559993743896484, -0.0030260086059570312, -0.0030260086059570312, -0.0030260086059570312, -0.004559993743896484, -0.0030260086059570312, -0.0030260086059570312, -0.0030260086059570312, -0.004559993743896484, -0.004559993743896484, -0.0030260086059570312, -0.0030260086059570312, -0.0030260086059570312, -0.0030260086059570312, -0.0030260086059570312, -0.004559993743896484, -0.0030260086059570312, -0.0030260086059570312, -0.0030260086059570312, -0.0030260086059570312, -0.0030260086059570312, -0.004559993743896484, -0.0030260086059570312, -0.0030260086059570312, -0.0030260086059570312, -0.0030260086059570312, -0.0030260086059570312, -0.0030260086059570312, -0.0030260086059570312, -0.0030260086059570312, -0.0030260086059570312, 0.004643917083740234]

Device/SubDeviceList/InertialSensor/GyroscopeX/Sensor/Value = [-0.36671727895736694, 0.007190534844994545, 0.5390238165855408, 0.22104237973690033, 2.4165523052215576, 1.1696603298187256, 3.760916233062744, 1.0671286582946777, 0.6868292689323425, 0.19867181777954102, -0.014913702383637428, -0.002130528911948204, -0.0007989483419805765, -0.0013315805699676275, 0.0018642127979546785, 0.0007989483419805765, 0.0, 0.0007989483419805765, 0.0018642127979546785, 0.0023968450259417295, 0.001597896683961153, -0.001065264455974102, -0.0018642127979546785, 0.000532632227987051, -0.002663161139935255, -0.002663161139935255, -0.000532632227987051, 0.0, 0.000532632227987051, -0.0002663161139935255, -0.0007989483419805765, 0.000532632227987051, 0.002130528911948204, -0.0013315805699676275, -0.0007989483419805765, -0.001065264455974102, 0.001065264455974102, 0.0, -0.0002663161139935255, 0.001065264455974102, 0.003994741477072239, -0.0007989483419805765, 0.0, -0.000532632227987051, -0.0007989483419805765, 0.0002663161139935255, 0.0018642127979546785, 0.0, 0.002663161139935255, -0.0018642127979546785, -0.10466223210096359]

Device/SubDeviceList/LKneePitch/ElectricCurrent/Sensor/Value = [0.0, 0.0, 0.14400000870227814, 0.2880000174045563, 0.0, 0.06400000303983688, 0.0, 0.0, 0.0, 0.0, 0.0, 0.0, 0.0, 0.0, 0.0, 0.0, 0.0, 0.0, 0.0, 0.0, 0.0, 0.0, 0.0, 0.0, 0.0, 0.0, 0.0, 0.0, 0.0, 0.0, 0.0, 0.0, 0.0, 0.0, 0.0, 0.0, 0.0, 0.0, 0.0, 0.0, 0.0, 0.0, 0.0, 0.0, 0.0, 0.0, 0.0, 0.0, 0.0, 0.0, 0.19200000166893005]

Device/SubDeviceList/LAnkleRoll/Position/Sensor/Value = [-0.06131792068481445, -0.19170808792114258, -0.37885594367980957, -0.34970998764038086, -0.31136012077331543, -0.30368995666503906, -0.29141807556152344, -0.2852821350097656, -0.30062198638916016, -0.30062198638916016, -0.30062198638916016, -0.30062198638916016, -0.30062198638916016, -0.30062198638916016, -0.30062198638916016, -0.30062198638916016, -0.30062198638916016, -0.30062198638916016, -0.30062198638916016, -0.30062198638916016, -0.30062198638916016, -0.30062198638916016, -0.30062198638916016, -0.30062198638916016, -0.30062198638916016, -0.30062198638916016, -0.30062198638916016, -0.30062198638916016, -0.30062198638916016, -0.30062198638916016, -0.30062198638916016, -0.30062198638916016, -0.30062198638916016, -0.30062198638916016, -0.3021559715270996, -0.30062198638916016, -0.30062198638916016, -0.30062198638916016, -0.30062198638916016, -0.30062198638916016, -0.30062198638916016, -0.30062198638916016, -0.30062198638916016, -0.30062198638916016, -0.30062198638916016, -0.30062198638916016, -0.30062198638916016, -0.30062198638916016, -0.30062198638916016, -0.30062198638916016, -0.0060939788818359375]

displacement = [0.02011815145622075, 0.024762364175810143, 0.039620476468466205, 0.08176146318256187, 0.10449642124429012, 2.8703495913375128, 2.8703495913375128, 2.8703495913375128, 2.8703495913375128, 2.8703495913375128, 2.8703495913375128, 2.8703495913375128, 2.8703495913375128, 2.8703495913375128, 2.8703495913375128, 2.8703495913375128, 2.8703495913375128, 2.8703495913375128, 2.8703495913375128, 2.8703495913375128, 2.8703495913375128, 2.8703495913375128, 2.8703495913375128, 2.8703495913375128, 2.8703495913375128, 2.8703495913375128, 2.8703495913375128, 2.8703495913375128, 2.8703495913375128, 2.8703495913375128, 2.8703495913375128, 2.8703495913375128, 2.8703495913375128, 2.8703495913375128, 2.8703495913375128, 2.8703495913375128, 2.8703495913375128, 2.8703495913375128, 2.8703495913375128, 2.8703495913375128, 2.8703495913375128, 2.8703495913375128, 2.8703495913375128, 2.8703495913375128, 2.8703495913375128, 2.8703495913375128, 2.8703495913375128, 2.8703495913375128, 2.8703495913375128, 2.8703495913375128, 0.09265664683544839]

position_x = [0.01898026466369629, 0.022095918655395508, 0.03717184066772461, 0.07491159439086914, 0.0903325080871582, -2.870349407196045, -2.870349407196045, -2.870349407196045, -2.870349407196045, -2.870349407196045, -2.870349407196045, -2.870349407196045, -2.870349407196045, -2.870349407196045, -2.870349407196045, -2.870349407196045, -2.870349407196045, -2.870349407196045, -2.870349407196045, -2.870349407196045, -2.870349407196045, -2.870349407196045, -2.870349407196045, -2.870349407196045, -2.870349407196045, -2.870349407196045, -2.870349407196045, -2.870349407196045, -2.870349407196045, -2.870349407196045, -2.870349407196045, -2.870349407196045, -2.870349407196045, -2.870349407196045, -2.870349407196045, -2.870349407196045, -2.870349407196045, -2.870349407196045, -2.870349407196045, -2.870349407196045, -2.870349407196045, -2.870349407196045, -2.870349407196045, -2.870349407196045, -2.870349407196045, -2.870349407196045, -2.870349407196045, -2.870349407196045, -2.870349407196045, -2.870349407196045, 0.017217159271240234]

position_y = [-0.006670050323009491, -0.011177882552146912, -0.01371263712644577, -0.03275957703590393, -0.052531324326992035, -0.001028154045343399, -0.001028154045343399, -0.001028154045343399, -0.001028154045343399, -0.001028154045343399, -0.001028154045343399, -0.001028154045343399, -0.001028154045343399, -0.001028154045343399, -0.001028154045343399, -0.001028154045343399, -0.001028154045343399, -0.001028154045343399, -0.001028154045343399, -0.001028154045343399, -0.001028154045343399, -0.001028154045343399, -0.001028154045343399, -0.001028154045343399, -0.001028154045343399, -0.001028154045343399, -0.001028154045343399, -0.001028154045343399, -0.001028154045343399, -0.001028154045343399, -0.001028154045343399, -0.001028154045343399, -0.001028154045343399, -0.001028154045343399, -0.001028154045343399, -0.001028154045343399, -0.001028154045343399, -0.001028154045343399, -0.001028154045343399, -0.001028154045343399, -0.001028154045343399, -0.001028154045343399, -0.001028154045343399, -0.001028154045343399, -0.001028154045343399, -0.001028154045343399, -0.001028154045343399, -0.001028154045343399, -0.001028154045343399, -0.001028154045343399, -0.09104297682642937]

Device/SubDeviceList/LFoot/FSR/TotalWeight/Sensor/Value = [3.407438278198242, 0.6149430871009827, 1.3309845924377441, 0.0003263984981458634, 0.02432738058269024, 0.012530693784356117, 0.020481718704104424, 0.05744211748242378, 0.10626918822526932, 0.09077399224042892, 0.07723312824964523, 0.07733387500047684, 0.07318786531686783, 0.06727948784828186, 0.06986111402511597, 0.07155786454677582, 0.0734783336520195, 0.0694880560040474, 0.0690237432718277, 0.07464882731437683, 0.07703196257352829, 0.0788571685552597, 0.0725134015083313, 0.07844870537519455, 0.08050765097141266, 0.07623124867677689, 0.07773784548044205, 0.07464882731437683, 0.07494360953569412, 0.07824508845806122, 0.07415943592786789, 0.07543690502643585, 0.07435489445924759, 0.07514063268899918, 0.0734783336520195, 0.07309123128652573, 0.07663080096244812, 0.07663080096244812, 0.07494360953569412, 0.07445278763771057, 0.07241743057966232, 0.07406184822320938, 0.07004818320274353, 0.07804188132286072, 0.07683116942644119, 0.0732845887541771, 0.08282141387462616, 0.0798855796456337, 0.07957597076892853, 0.08050765097141266, 0.5445759892463684]

Device/SubDeviceList/InertialSensor/AngleX/Sensor/Value = [-0.3135073781013489, -0.3351748585700989, -0.23661643266677856, -0.1873372197151184, 0.0872451588511467, 0.5087067484855652, 0.844648540019989, 1.213187336921692, 1.0611311197280884, 0.845223605632782, 0.6055390238761902, 0.421461284160614, 0.29222363233566284, 0.19634979963302612, 0.1438109278678894, 0.10411899536848068, 0.07727449387311935, 0.05579870566725731, 0.041226085275411606, 0.030871566385030746, 0.023585017770528793, 0.01917475089430809, 0.015148337930440903, 0.012080367654561996, 0.010354693979024887, 0.008629020303487778, 0.00786178931593895, 0.006711180787533522, 0.006327803712338209, 0.005944426637142897, 0.00575273809954524, 0.005561049561947584, 0.004985507111996412, 0.004793818574398756, 0.0044104414992034435, 0.0044104414992034435, 0.004793818574398756, 0.0046021300368011, 0.0044104414992034435, 0.0044104414992034435, 0.0046021300368011, 0.004793818574398756, 0.004793818574398756, 0.004985507111996412, 0.0046021300368011, 0.0044104414992034435, 0.0046021300368011, 0.004218752961605787, 0.004218752961605787, 0.0044104414992034435, 0.022626575082540512]

Device/SubDeviceList/LHipPitch/ElectricCurrent/Sensor/Value = [0.2880000174045563, 0.1600000113248825, 0.0, 0.0, 0.0, 0.3360000252723694, 0.0, 0.0, 0.0, 0.0, 0.0, 0.0, 0.0, 0.0, 0.0, 0.0, 0.0, 0.0, 0.0, 0.0, 0.0, 0.0, 0.0, 0.0, 0.0, 0.0, 0.0, 0.0, 0.0, 0.0, 0.0, 0.0, 0.0, 0.0, 0.0, 0.0, 0.0, 0.0, 0.0, 0.0, 0.0, 0.0, 0.0, 0.0, 0.0, 0.0, 0.0, 0.0, 0.0, 0.0, 0.0]

Device/SubDeviceList/LHipRoll/Position/Sensor/Value = [0.11969399452209473, 0.25315189361572266, 0.3927459716796875, 0.4740478992462158, 0.428027868270874, 0.39734792709350586, 0.34212398529052734, 0.3436579704284668, 0.357464075088501, 0.3528618812561035, 0.3528618812561035, 0.3528618812561035, 0.3528618812561035, 0.3528618812561035, 0.3528618812561035, 0.3528618812561035, 0.3528618812561035, 0.3528618812561035, 0.3528618812561035, 0.35439586639404297, 0.3528618812561035, 0.3528618812561035, 0.3528618812561035, 0.35439586639404297, 0.3528618812561035, 0.3528618812561035, 0.3528618812561035, 0.35439586639404297, 0.3528618812561035, 0.3528618812561035, 0.3528618812561035, 0.3528618812561035, 0.35439586639404297, 0.3528618812561035, 0.35439586639404297, 0.3528618812561035, 0.3528618812561035, 0.3528618812561035, 0.3528618812561035, 0.3528618812561035, 0.3528618812561035, 0.3528618812561035, 0.35439586639404297, 0.3528618812561035, 0.3528618812561035, 0.3528618812561035, 0.3528618812561035, 0.3528618812561035, 0.3528618812561035, 0.3528618812561035, 0.004643917083740234]

Device/SubDeviceList/RHipPitch/Position/Sensor/Value = [-0.5798940658569336, -0.524669885635376, -0.3804740905761719, -0.2055978775024414, -0.16571402549743652, -0.1334998607635498, -0.17798590660095215, -0.3927459716796875, -0.8238000869750977, -0.8498780727386475, -0.8514120578765869, -0.8514120578765869, -0.8514120578765869, -0.8514120578765869, -0.8514120578765869, -0.8514120578765869, -0.8514120578765869, -0.8514120578765869, -0.8514120578765869, -0.8514120578765869, -0.8514120578765869, -0.8514120578765869, -0.8514120578765869, -0.8514120578765869, -0.8514120578765869, -0.8514120578765869, -0.8514120578765869, -0.8514120578765869, -0.8514120578765869, -0.8514120578765869, -0.8514120578765869, -0.8514120578765869, -0.8514120578765869, -0.8514120578765869, -0.8514120578765869, -0.8514120578765869, -0.8514120578765869, -0.8514120578765869, -0.8514120578765869, -0.8514120578765869, -0.8514120578765869, -0.8514120578765869, -0.8514120578765869, -0.8514120578765869, -0.8514120578765869, -0.8514120578765869, -0.8514120578765869, -0.8514120578765869, -0.8514120578765869, -0.8514120578765869, -0.45717406272888184]

Device/SubDeviceList/RFoot/FSR/CenterOfPressure/X/Sensor/Value = [-0.030201373621821404, 0.05133891478180885, -0.029964424669742584, 0.06977247446775436, -0.030249999836087227, -0.030240628868341446, -0.029756344854831696, -0.030193554237484932, -0.030197223648428917, -0.030250001698732376, -0.030249999836087227, -0.030249999836087227, -0.030249999836087227, -0.030249999836087227, -0.030249999836087227, -0.030249999836087227, -0.030249999836087227, -0.030249999836087227, -0.030249999836087227, -0.030249999836087227, -0.030249999836087227, -0.030249999836087227, -0.030249999836087227, -0.030249999836087227, -0.030249999836087227, -0.030249999836087227, -0.030249999836087227, -0.030249999836087227, -0.030249999836087227, -0.030249999836087227, -0.030249999836087227, -0.030249999836087227, -0.030249999836087227, -0.030249999836087227, -0.030249999836087227, -0.030250001698732376, -0.030249999836087227, -0.030249999836087227, -0.030249999836087227, -0.030249999836087227, -0.030249999836087227, -0.030249999836087227, -0.030250001698732376, -0.030249999836087227, -0.030249999836087227, -0.030249999836087227, -0.030249999836087227, -0.030249999836087227, -0.030249999836087227, -0.030250001698732376, -0.030249154195189476]

Device/SubDeviceList/InertialSensor/AngleY/Sensor/Value = [0.17487365007400513, 0.21763306856155396, 0.34418660402297974, 0.5027616620063782, 0.45060664415359497, 0.37908440828323364, 0.6319997906684875, 0.7825215458869934, 1.2739709615707397, 1.5094369649887085, 1.6434682607650757, 1.7410677671432495, 1.8005098104476929, 1.8488301038742065, 1.8747161626815796, 1.8960002660751343, 1.9082716703414917, 1.9188178777694702, 1.9257205724716187, 1.9318565130233765, 1.9356917142868042, 1.9378007650375366, 1.9393352270126343, 1.9404853582382202, 1.9416359663009644, 1.9429782629013062, 1.9429782629013062, 1.9433616399765015, 1.9435533285140991, 1.9443200826644897, 1.944128394126892, 1.944128394126892, 1.944128394126892, 1.9437450170516968, 1.9437450170516968, 1.9443200826644897, 1.944895625114441, 1.9452790021896362, 1.944895625114441, 1.9447039365768433, 1.9447039365768433, 1.9456628561019897, 1.9454706907272339, 1.9452790021896362, 1.9454706907272339, 1.9450873136520386, 1.9450873136520386, 1.9456628561019897, 1.9454706907272339, 1.9454706907272339, 0.13978368043899536]

Device/SubDeviceList/LHipRoll/ElectricCurrent/Sensor/Value = [0.3840000033378601, 0.17600001394748688, 0.41600000858306885, 0.35200002789497375, 0.0, 0.12800000607967377, 0.0, 0.0, 0.0, 0.0, 0.0, 0.0, 0.0, 0.0, 0.0, 0.0, 0.0, 0.0, 0.0, 0.0, 0.0, 0.0, 0.0, 0.0, 0.0, 0.0, 0.0, 0.0, 0.0, 0.0, 0.0, 0.0, 0.0, 0.0, 0.0, 0.0, 0.0, 0.0, 0.0, 0.0, 0.0, 0.0, 0.0, 0.0, 0.0, 0.0, 0.0, 0.0, 0.0, 0.0, 0.30400002002716064]

Device/SubDeviceList/LKneePitch/Position/Sensor/Value = [0.7516181468963623, 1.0031940937042236, 1.1565940380096436, 1.162730097770691, 1.2624400854110718, 1.2701101303100586, 1.2563040256500244, 1.2961881160736084, 1.3575481176376343, 1.3744220733642578, 1.3744220733642578, 1.3744220733642578, 1.3744220733642578, 1.3744220733642578, 1.3744220733642578, 1.3744220733642578, 1.3744220733642578, 1.3744220733642578, 1.3744220733642578, 1.3744220733642578, 1.3744220733642578, 1.3744220733642578, 1.3744220733642578, 1.3744220733642578, 1.3744220733642578, 1.3744220733642578, 1.3744220733642578, 1.3744220733642578, 1.3744220733642578, 1.3744220733642578, 1.3744220733642578, 1.3744220733642578, 1.3744220733642578, 1.3744220733642578, 1.3744220733642578, 1.3744220733642578, 1.3744220733642578, 1.3744220733642578, 1.3744220733642578, 1.3744220733642578, 1.3744220733642578, 1.3744220733642578, 1.3744220733642578, 1.3744220733642578, 1.3744220733642578, 1.3744220733642578, 1.3744220733642578, 1.3744220733642578, 1.3744220733642578, 1.3744220733642578, 0.70713210105896]

Device/SubDeviceList/RHipRoll/ElectricCurrent/Sensor/Value = [0.04800000041723251, 0.2720000147819519, 0.03200000151991844, 0.0, 0.0, 0.0, 0.0, 0.0, 0.0, 0.0, 0.0, 0.0, 0.0, 0.0, 0.0, 0.0, 0.0, 0.0, 0.0, 0.0, 0.0, 0.0, 0.0, 0.0, 0.0, 0.0, 0.0, 0.0, 0.0, 0.0, 0.0, 0.0, 0.0, 0.0, 0.0, 0.0, 0.0, 0.0, 0.0, 0.0, 0.0, 0.0, 0.0, 0.0, 0.0, 0.0, 0.0, 0.0, 0.0, 0.0, 0.0]

Device/SubDeviceList/LFoot/FSR/CenterOfPressure/X/Sensor/Value = [0.040359076112508774, 0.0680389255285263, 0.07023562490940094, -0.029650000855326653, -0.0298382006585598, -0.029654908925294876, -0.030249999836087227, -0.029650000855326653, -0.029650000855326653, -0.029650000855326653, -0.029650000855326653, -0.029650000855326653, -0.029649998992681503, -0.029650000855326653, -0.029650000855326653, -0.029650000855326653, -0.029650000855326653, -0.029650000855326653, -0.029650002717971802, -0.029650002717971802, -0.029650002717971802, -0.029650000855326653, -0.029650000855326653, -0.029649998992681503, -0.029650000855326653, -0.029650000855326653, -0.029650000855326653, -0.029650000855326653, -0.029650000855326653, -0.029650000855326653, -0.029650002717971802, -0.029650000855326653, -0.029649998992681503, -0.029650000855326653, -0.029650000855326653, -0.029649998992681503, -0.029650002717971802, -0.029649998992681503, -0.029650000855326653, -0.029650000855326653, -0.029649998992681503, -0.029650002717971802, -0.029650002717971802, -0.029650002717971802, -0.029649998992681503, -0.029649998992681503, -0.029650000855326653, -0.029650000855326653, -0.029650000855326653, -0.029650000855326653, -0.02965296059846878]

Device/SubDeviceList/RAnkleRoll/ElectricCurrent/Sensor/Value = [0.2880000174045563, 0.48000001907348633, 0.12800000607967377, 0.20800000429153442, 0.0, 0.0, 0.0, 0.0, 0.0, 0.0, 0.0, 0.0, 0.0, 0.0, 0.0, 0.0, 0.0, 0.0, 0.0, 0.0, 0.0, 0.0, 0.0, 0.0, 0.0, 0.0, 0.0, 0.0, 0.0, 0.0, 0.0, 0.0, 0.0, 0.0, 0.0, 0.0, 0.0, 0.0, 0.0, 0.0, 0.0, 0.0, 0.0, 0.0, 0.0, 0.0, 0.0, 0.0, 0.0, 0.0, 0.01600000075995922]

Device/SubDeviceList/RFoot/FSR/TotalWeight/Sensor/Value = [0.01183121744543314, 0.8552088737487793, 0.0, 3.571964740753174, 0.7279505133628845, 0.2735845148563385, 0.04527033492922783, 0.0, 0.0, 0.024132946506142616, 0.027030644938349724, 0.029214447364211082, 0.027884861454367638, 0.026769356802105904, 0.02961701713502407, 0.030630994588136673, 0.02534535713493824, 0.029415523633360863, 0.02650882676243782, 0.0274239219725132, 0.024705249816179276, 0.031518612056970596, 0.030903229489922523, 0.029147526249289513, 0.030563052743673325, 0.030767004936933517, 0.03008885867893696, 0.03049517050385475, 0.02968427911400795, 0.031381502747535706, 0.03008885867893696, 0.02888028509914875, 0.024259818717837334, 0.030767004936933517, 0.02579607628285885, 0.03227617219090462, 0.030903229489922523, 0.030630994588136673, 0.024196360260248184, 0.026639007031917572, 0.03241456300020218, 0.03276139125227928, 0.03283090889453888, 0.032483819872140884, 0.03241456300020218, 0.03297010436654091, 0.03373926132917404, 0.032553140074014664, 0.03269193321466446, 0.030563052743673325, 1.0480941534042358]

Device/SubDeviceList/RHipPitch/ElectricCurrent/Sensor/Value = [0.0, 1.040000081062317, 0.7680000066757202, 0.12800000607967377, 0.2240000069141388, 0.1600000113248825, 0.0, 0.0, 0.0, 0.0, 0.0, 0.0, 0.0, 0.0, 0.0, 0.0, 0.0, 0.0, 0.0, 0.0, 0.0, 0.0, 0.0, 0.0, 0.0, 0.0, 0.0, 0.0, 0.0, 0.0, 0.0, 0.0, 0.0, 0.0, 0.0, 0.0, 0.0, 0.0, 0.0, 0.0, 0.0, 0.0, 0.0, 0.0, 0.0, 0.0, 0.0, 0.0, 0.0, 0.0, 0.46400001645088196]

Device/SubDeviceList/RFoot/FSR/CenterOfPressure/Y/Sensor/Value = [0.015128985047340393, 0.015185313299298286, -0.004222105257213116, -0.029900001361966133, 0.019099999219179153, 0.018289679661393166, -0.02121538296341896, 0.019099999219179153, 0.019099999219179153, 0.019099999219179153, 0.019099999219179153, 0.019099999219179153, 0.019099999219179153, 0.019099999219179153, 0.019099999219179153, 0.019099999219179153, 0.019099999219179153, 0.019100001081824303, 0.019099999219179153, 0.019099999219179153, 0.019099999219179153, 0.019099999219179153, 0.019099999219179153, 0.019099997356534004, 0.019100001081824303, 0.019099999219179153, 0.019099999219179153, 0.019099999219179153, 0.019099999219179153, 0.019099999219179153, 0.019099999219179153, 0.019099999219179153, 0.019099999219179153, 0.019099999219179153, 0.019099997356534004, 0.019099999219179153, 0.019099999219179153, 0.019099999219179153, 0.019099999219179153, 0.019099999219179153, 0.019099999219179153, 0.019099999219179153, 0.019099999219179153, 0.019099999219179153, 0.019099999219179153, 0.019100001081824303, 0.019100001081824303, 0.019099999219179153, 0.019099999219179153, 0.019099999219179153, 0.019099999219179153]

Device/SubDeviceList/LAnklePitch/Position/Sensor/Value = [-0.828402042388916, -0.7900519371032715, -0.5216019153594971, -0.4356980323791504, -0.5108640193939209, -0.5001258850097656, -0.4786500930786133, -0.44643592834472656, -0.4218919277191162, -0.41115403175354004, -0.4096200466156006, -0.4096200466156006, -0.4096200466156006, -0.4096200466156006, -0.40808606147766113, -0.4096200466156006, -0.40808606147766113, -0.40808606147766113, -0.40808606147766113, -0.40808606147766113, -0.4096200466156006, -0.40808606147766113, -0.40808606147766113, -0.4096200466156006, -0.4096200466156006, -0.4096200466156006, -0.40808606147766113, -0.40808606147766113, -0.40808606147766113, -0.4096200466156006, -0.4096200466156006, -0.4096200466156006, -0.4096200466156006, -0.40808606147766113, -0.40808606147766113, -0.40808606147766113, -0.4096200466156006, -0.40808606147766113, -0.40808606147766113, -0.4096200466156006, -0.40808606147766113, -0.40808606147766113, -0.40808606147766113, -0.40808606147766113, -0.40808606147766113, -0.4096200466156006, -0.4096200466156006, -0.40808606147766113, -0.40808606147766113, -0.40808606147766113, -0.35439586639404297]

Device/SubDeviceList/RAnklePitch/Position/Sensor/Value = [-0.4371480941772461, -0.5890140533447266, -0.6841220855712891, -0.8436579704284668, -0.7577540874481201, -0.7516181468963623, -0.7485499382019043, -0.7485499382019043, -0.7316761016845703, -0.7332100868225098, -0.7332100868225098, -0.7332100868225098, -0.7332100868225098, -0.7347440719604492, -0.7332100868225098, -0.7332100868225098, -0.7332100868225098, -0.7332100868225098, -0.7332100868225098, -0.7332100868225098, -0.7332100868225098, -0.7347440719604492, -0.7332100868225098, -0.7347440719604492, -0.7332100868225098, -0.7332100868225098, -0.7332100868225098, -0.7347440719604492, -0.7332100868225098, -0.7332100868225098, -0.7347440719604492, -0.7332100868225098, -0.7332100868225098, -0.7332100868225098, -0.7347440719604492, -0.7332100868225098, -0.7332100868225098, -0.7347440719604492, -0.7332100868225098, -0.7332100868225098, -0.7332100868225098, -0.7332100868225098, -0.7332100868225098, -0.7332100868225098, -0.7332100868225098, -0.7332100868225098, -0.7332100868225098, -0.7347440719604492, -0.7347440719604492, -0.7332100868225098, -0.3420400619506836]

Device/SubDeviceList/LFoot/FSR/CenterOfPressure/Y/Sensor/Value = [0.029899999499320984, 0.029899999499320984, 0.008567364886403084, -0.019099999219179153, -0.013423323631286621, -0.018699100241065025, 0.029899999499320984, -0.019099999219179153, -0.019099999219179153, -0.019099999219179153, -0.019099999219179153, -0.019099999219179153, -0.019099999219179153, -0.019099999219179153, -0.019099999219179153, -0.019099999219179153, -0.019099999219179153, -0.019099999219179153, -0.019099999219179153, -0.019099999219179153, -0.019099999219179153, -0.019099999219179153, -0.019099999219179153, -0.019099999219179153, -0.019099999219179153, -0.019099999219179153, -0.019099999219179153, -0.019099999219179153, -0.019099999219179153, -0.019099999219179153, -0.019099999219179153, -0.019099999219179153, -0.019099999219179153, -0.019099999219179153, -0.019099999219179153, -0.019099999219179153, -0.019099999219179153, -0.019099999219179153, -0.019099999219179153, -0.019099999219179153, -0.019099999219179153, -0.019099999219179153, -0.019099999219179153, -0.019099999219179153, -0.019099999219179153, -0.019099999219179153, -0.019099999219179153, -0.019099999219179153, -0.019099999219179153, -0.019099999219179153, -0.01885819621384144]

Device/SubDeviceList/LAnkleRoll/ElectricCurrent/Sensor/Value = [0.46400001645088196, 0.0, 0.0, 0.01600000075995922, 0.0, 0.0, 0.0, 0.0, 0.0, 0.0, 0.0, 0.0, 0.0, 0.0, 0.0, 0.0, 0.0, 0.0, 0.0, 0.0, 0.0, 0.0, 0.0, 0.0, 0.0, 0.0, 0.0, 0.0, 0.0, 0.0, 0.0, 0.0, 0.0, 0.0, 0.0, 0.0, 0.0, 0.0, 0.0, 0.0, 0.0, 0.0, 0.0, 0.0, 0.0, 0.0, 0.0, 0.0, 0.0, 0.0, 0.0]

Device/SubDeviceList/RKneePitch/Position/Sensor/Value = [0.885159969329834, 0.8330039978027344, 0.7670419216156006, 0.7823820114135742, 0.8115279674530029, 0.8314700126647949, 0.8038580417633057, 0.7854499816894531, 0.8667521476745605, 0.8820919990539551, 0.885159969329834, 0.885159969329834, 0.885159969329834, 0.885159969329834, 0.885159969329834, 0.885159969329834, 0.885159969329834, 0.885159969329834, 0.885159969329834, 0.885159969329834, 0.885159969329834, 0.885159969329834, 0.885159969329834, 0.885159969329834, 0.885159969329834, 0.885159969329834, 0.885159969329834, 0.885159969329834, 0.885159969329834, 0.885159969329834, 0.885159969329834, 0.885159969329834, 0.885159969329834, 0.885159969329834, 0.885159969329834, 0.885159969329834, 0.885159969329834, 0.885159969329834, 0.885159969329834, 0.885159969329834, 0.885159969329834, 0.885159969329834, 0.885159969329834, 0.885159969329834, 0.885159969329834, 0.885159969329834, 0.885159969329834, 0.885159969329834, 0.885159969329834, 0.885159969329834, 0.6903419494628906]

Device/SubDeviceList/LAnklePitch/ElectricCurrent/Sensor/Value = [1.7760001420974731, 0.7200000286102295, 0.4960000216960907, 0.0, 0.0, 0.0, 0.0, 0.0, 0.0, 0.0, 0.0, 0.0, 0.0, 0.0, 0.0, 0.0, 0.0, 0.0, 0.0, 0.0, 0.0, 0.0, 0.0, 0.0, 0.0, 0.0, 0.0, 0.0, 0.0, 0.0, 0.0, 0.0, 0.0, 0.0, 0.0, 0.0, 0.0, 0.0, 0.0, 0.0, 0.0, 0.0, 0.0, 0.0, 0.0, 0.0, 0.0, 0.0, 0.0, 0.0, 0.5920000076293945]

Device/SubDeviceList/LHipYawPitch/ElectricCurrent/Sensor/Value = [0.03200000151991844, 0.08000000566244125, 0.17600001394748688, 0.08000000566244125, 0.0, 0.48000001907348633, 0.1120000034570694, 0.0, 0.0, 0.0, 0.0, 0.0, 0.0, 0.0, 0.0, 0.0, 0.0, 0.0, 0.0, 0.0, 0.0, 0.0, 0.0, 0.0, 0.0, 0.0, 0.0, 0.0, 0.0, 0.0, 0.0, 0.0, 0.0, 0.0, 0.0, 0.0, 0.0, 0.0, 0.0, 0.0, 0.0, 0.0, 0.0, 0.0, 0.0, 0.0, 0.0, 0.0, 0.0, 0.0, 0.24000000953674316]

Device/SubDeviceList/RKneePitch/ElectricCurrent/Sensor/Value = [0.0, 0.320000022649765, 0.2240000069141388, 0.30400002002716064, 0.0, 0.01600000075995922, 0.0, 0.0, 0.0, 0.0, 0.0, 0.0, 0.0, 0.0, 0.0, 0.0, 0.0, 0.0, 0.0, 0.0, 0.0, 0.0, 0.0, 0.0, 0.0, 0.0, 0.0, 0.0, 0.0, 0.0, 0.0, 0.0, 0.0, 0.0, 0.0, 0.0, 0.0, 0.0, 0.0, 0.0, 0.0, 0.0, 0.0, 0.0, 0.0, 0.0, 0.0, 0.0, 0.0, 0.0, 0.4320000112056732]

Device/SubDeviceList/InertialSensor/GyroscopeZ/Sensor/Value = [-0.1342233270406723, -0.5941512584686279, -1.9643476009368896, -4.062652111053467, -4.143878936767578, 0.7169229984283447, 1.2506204843521118, 2.2280006408691406, 3.024019479751587, 0.49801114201545715, -0.012516857124865055, -0.004793690051883459, -0.001065264455974102, -0.0007989483419805765, -0.0013315805699676275, -0.0018642127979546785, -0.0007989483419805765, 0.0, -0.0029294772539287806, 0.0, 0.0013315805699676275, 0.003994741477072239, 0.0013315805699676275, 0.0023968450259417295, 0.0002663161139935255, -0.0013315805699676275, -0.0007989483419805765, 0.0, 0.0002663161139935255, 0.0002663161139935255, 0.0002663161139935255, -0.0002663161139935255, 0.000532632227987051, 0.0007989483419805765, 0.0018642127979546785, 0.001065264455974102, 0.0013315805699676275, -0.0002663161139935255, -0.0018642127979546785, -0.001597896683961153, -0.0029294772539287806, 0.0007989483419805765, -0.0002663161139935255, 0.0002663161139935255, 0.0023968450259417295, 0.0, 0.0, -0.000532632227987051, -0.002130528911948204, 0.003728425595909357, -0.0740358829498291]

Device/SubDeviceList/InertialSensor/AngleZ/Sensor/Value = [-1.5688788890838623, -1.631963849067688, -1.793798804283142, -2.257636308670044, -2.860107183456421, -2.8767893314361572, -2.7393062114715576, -2.390133857727051, -2.1333837509155273, -1.9506484270095825, -1.949497938156128, -1.949497938156128, -1.949497938156128, -1.949497938156128, -1.9496896266937256, -1.9498814344406128, -1.9496896266937256, -1.9496896266937256, -1.949497938156128, -1.9496896266937256, -1.949497938156128, -1.9493061304092407, -1.9493061304092407, -1.949114441871643, -1.9489226341247559, -1.9489226341247559, -1.9487309455871582, -1.9487309455871582, -1.949114441871643, -1.949114441871643, -1.9489226341247559, -1.949114441871643, -1.9489226341247559, -1.949114441871643, -1.9489226341247559, -1.9489226341247559, -1.949114441871643, -1.949114441871643, -1.9493061304092407, -1.9493061304092407, -1.9493061304092407, -1.9493061304092407, -1.949114441871643, -1.949114441871643, -1.949114441871643, -1.949114441871643, -1.949114441871643, -1.949114441871643, -1.9489226341247559, -1.949114441871643, -1.661109447479248]

Device/SubDeviceList/InertialSensor/AccelerometerY/Sensor/Value = [-3.324287176132202, -2.7399024963378906, -3.4488282203674316, 0.8238867521286011, 2.0692970752716064, 2.692002058029175, 4.224814414978027, 10.02076244354248, 0.7376660704612732, -1.55197274684906, -0.19160157442092896, -0.17244140803813934, -0.1341211050748825, -0.15328125655651093, -0.17244140803813934, -0.1341211050748825, -0.16286133229732513, -0.16286133229732513, -0.1341211050748825, -0.16286133229732513, -0.15328125655651093, -0.16286133229732513, -0.17244140803813934, -0.1341211050748825, -0.1245410218834877, -0.15328125655651093, -0.15328125655651093, -0.17244140803813934, -0.14370118081569672, -0.1341211050748825, -0.15328125655651093, -0.17244140803813934, -0.17244140803813934, -0.15328125655651093, -0.17244140803813934, -0.1341211050748825, -0.17244140803813934, -0.1341211050748825, -0.17244140803813934, -0.16286133229732513, -0.16286133229732513, -0.17244140803813934, -0.1341211050748825, -0.18202149868011475, -0.17244140803813934, -0.14370118081569672, -0.17244140803813934, -0.16286133229732513, -0.15328125655651093, -0.15328125655651093, -0.53648442029953]

Device/SubDeviceList/RAnkleRoll/Position/Sensor/Value = [-0.06438612937927246, -0.15029001235961914, -0.309826135635376, -0.24539804458618164, -0.18557214736938477, -0.20244598388671875, -0.21471810340881348, -0.21318411827087402, -0.21165013313293457, -0.21318411827087402, -0.21318411827087402, -0.21318411827087402, -0.21318411827087402, -0.21318411827087402, -0.21318411827087402, -0.21318411827087402, -0.21318411827087402, -0.21318411827087402, -0.21318411827087402, -0.21318411827087402, -0.21318411827087402, -0.21318411827087402, -0.21318411827087402, -0.21318411827087402, -0.21318411827087402, -0.21318411827087402, -0.21318411827087402, -0.21318411827087402, -0.21318411827087402, -0.21318411827087402, -0.21318411827087402, -0.21318411827087402, -0.21318411827087402, -0.21318411827087402, -0.21318411827087402, -0.21318411827087402, -0.21318411827087402, -0.21318411827087402, -0.21318411827087402, -0.21318411827087402, -0.21318411827087402, -0.21318411827087402, -0.21318411827087402, -0.21318411827087402, -0.21318411827087402, -0.21318411827087402, -0.21318411827087402, -0.21318411827087402, -0.21318411827087402, -0.21318411827087402, 0.0015759468078613281]

Device/SubDeviceList/RAnklePitch/ElectricCurrent/Sensor/Value = [0.0, 0.656000018119812, 0.656000018119812, 0.6240000128746033, 0.0, 0.14400000870227814, 0.0, 0.0, 0.0, 0.0, 0.0, 0.0, 0.0, 0.0, 0.0, 0.0, 0.0, 0.0, 0.0, 0.0, 0.0, 0.0, 0.0, 0.0, 0.0, 0.0, 0.0, 0.0, 0.0, 0.0, 0.0, 0.0, 0.0, 0.0, 0.0, 0.0, 0.0, 0.0, 0.0, 0.0, 0.0, 0.0, 0.0, 0.0, 0.0, 0.0, 0.0, 0.0, 0.0, 0.0, 0.0]

Device/SubDeviceList/InertialSensor/AccelerometerX/Sensor/Value = [2.126777410507202, 1.7148340940475464, 2.663261890411377, 2.893183708190918, 1.0921289920806885, -0.4885840117931366, 2.8165431022644043, 14.580879211425781, 9.857900619506836, 8.784932136535645, 9.158555030822754, 9.216035842895508, 9.168134689331055, 9.19687557220459, 9.19687557220459, 9.177715301513672, 9.19687557220459, 9.20645523071289, 9.177715301513672, 9.177715301513672, 9.19687557220459, 9.19687557220459, 9.168134689331055, 9.187294960021973, 9.177715301513672, 9.177715301513672, 9.187294960021973, 9.187294960021973, 9.20645523071289, 9.244775772094727, 9.168134689331055, 9.177715301513672, 9.177715301513672, 9.216035842895508, 9.158555030822754, 9.177715301513672, 9.20645523071289, 9.187294960021973, 9.177715301513672, 9.187294960021973, 9.168134689331055, 9.187294960021973, 9.187294960021973, 9.187294960021973, 9.177715301513672, 9.177715301513672, 9.168134689331055, 9.187294960021973, 9.19687557220459, 9.158555030822754, 1.302890658378601]

Device/SubDeviceList/InertialSensor/GyroscopeY/Sensor/Value = [0.1786981076002121, 0.7755125164985657, 0.8807073831558228, 1.1526161432266235, 0.3544667363166809, 0.9534116983413696, 2.443450450897217, 1.9385149478912354, 1.61014723777771, 0.21624869108200073, 0.011984225362539291, 0.0018642127979546785, -0.002130528911948204, 0.001065264455974102, 0.001065264455974102, 0.002130528911948204, -0.0013315805699676275, 0.002130528911948204, -0.001597896683961153, 0.0013315805699676275, -0.0023968450259417295, -0.003728425595909357, 0.0, -0.003728425595909357, -0.003994741477072239, 0.0023968450259417295, -0.004261057823896408, -0.002663161139935255, -0.003195793367922306, 0.0029294772539287806, 0.001065264455974102, 0.001065264455974102, -0.0002663161139935255, -0.001597896683961153, 0.0007989483419805765, -0.0013315805699676275, 0.0002663161139935255, 0.0002663161139935255, 0.0, 0.004527374170720577, 0.001065264455974102, 0.0002663161139935255, 0.0023968450259417295, 0.000532632227987051, -0.0029294772539287806, -0.0029294772539287806, 0.003195793367922306, 0.000532632227987051, 0.0029294772539287806, -0.0018642127979546785, -0.0721716657280922]

Device/SubDeviceList/RHipRoll/Position/Sensor/Value = [0.14423799514770508, 0.20099592208862305, 0.3007059097290039, 0.3267838954925537, 0.37740588188171387, 0.37433791160583496, 0.32524991035461426, 0.277695894241333, 0.277695894241333, 0.2884340286254883, 0.2884340286254883, 0.2884340286254883, 0.2884340286254883, 0.2884340286254883, 0.2884340286254883, 0.2884340286254883, 0.2884340286254883, 0.2884340286254883, 0.2884340286254883, 0.2884340286254883, 0.2884340286254883, 0.2884340286254883, 0.2884340286254883, 0.2884340286254883, 0.2884340286254883, 0.2884340286254883, 0.2884340286254883, 0.2884340286254883, 0.2884340286254883, 0.2884340286254883, 0.2884340286254883, 0.2884340286254883, 0.2884340286254883, 0.2884340286254883, 0.2884340286254883, 0.2884340286254883, 0.2884340286254883, 0.2884340286254883, 0.2884340286254883, 0.2884340286254883, 0.2884340286254883, 0.2884340286254883, 0.2884340286254883, 0.2884340286254883, 0.2884340286254883, 0.2884340286254883, 0.2884340286254883, 0.2884340286254883, 0.2884340286254883, 0.2884340286254883, 0.0015759468078613281]

Device/SubDeviceList/InertialSensor/AccelerometerZ/Sensor/Value = [-8.24844741821289, -9.92496109008789, -8.468789100646973, -8.210126876831055, -5.297783374786377, 0.6035449504852295, 0.77598637342453, 4.129014015197754, 5.326523780822754, 4.435576438903809, 4.023633003234863, 3.9948928356170654, 3.9469923973083496, 3.9757325649261475, 3.9469923973083496, 4.004472732543945, 3.9469923973083496, 3.9853127002716064, 3.9948928356170654, 3.9948928356170654, 3.9661524295806885, 3.9757325649261475, 4.014052867889404, 3.9757325649261475, 3.9661524295806885, 4.004472732543945, 3.9853127002716064, 3.9948928356170654, 3.9948928356170654, 3.9757325649261475, 3.9948928356170654, 3.9757325649261475, 3.9853127002716064, 3.9757325649261475, 4.014052867889404, 3.9661524295806885, 3.9948928356170654, 3.9853127002716064, 4.004472732543945, 3.9853127002716064, 3.9661524295806885, 3.9853127002716064, 3.9948928356170654, 3.9853127002716064, 3.9565725326538086, 3.9565725326538086, 3.9853127002716064, 3.9948928356170654, 3.9853127002716064, 3.9661524295806885, -9.5704984664917]

