
Description:
----------




Gait parameters:
----------

MaxStepX = 0.0799999982119
TorsoWy = -0.122173048556
TorsoWx = -0.122173048556
StepHeight = 0.00499999988824
Stiffness = 0.0
MaxStepTheta = 0.523598790169
MaxStepY = 0.101000003517
MaxStepFrequency = 0.646808510638


Stats:
----------

average_speed = 0.167655979008
final_displacement = 2.52508058845
elapsed_time = 15.06108284


Sensor values:
----------

times = [0.14606595039367676, 0.3677949905395508, 0.4917318820953369, 0.6247158050537109, 0.7530708312988281, 0.8977129459381104, 1.0294828414916992, 1.1583759784698486, 1.290158987045288, 1.4104869365692139, 1.534087896347046, 1.6656138896942139, 1.7989327907562256, 1.9209208488464355, 2.046245813369751, 2.1734249591827393, 2.3178179264068604, 2.4411728382110596, 2.5675909519195557, 2.6838948726654053, 2.8180429935455322, 2.9427268505096436, 3.0605859756469727, 3.189227819442749, 3.327690839767456, 3.4595158100128174, 3.5977468490600586, 3.72963285446167, 3.848465919494629, 3.9684979915618896, 4.081470966339111, 4.213097810745239, 4.340556859970093, 4.460502862930298, 4.591259002685547, 4.714721918106079, 4.834537982940674, 4.958179950714111, 5.078823804855347, 5.200968980789185, 5.334165811538696, 5.470848798751831, 5.60601282119751, 5.733522891998291, 5.850546836853027, 5.960176944732666, 6.0720789432525635, 6.185431003570557, 6.328227996826172, 6.441312789916992, 6.556280851364136, 6.667579889297485, 6.7798848152160645, 6.889675855636597, 7.008328914642334, 7.121392011642456, 7.234869956970215, 7.353703022003174, 7.460237979888916, 7.5745298862457275, 7.689436912536621, 7.794986963272095, 7.912851810455322, 8.034627914428711, 8.147539854049683, 8.261878967285156, 8.372610807418823, 8.487597942352295, 8.601497888565063, 8.739351987838745, 8.852343797683716, 8.965750932693481, 9.073580980300903, 9.178445816040039, 9.287242889404297, 9.39461088180542, 9.507773876190186, 9.624643802642822, 9.732329845428467, 9.836785793304443, 9.946095943450928, 10.06325101852417, 10.17608380317688, 10.275997877120972, 10.38976001739502, 10.504854917526245, 10.613204956054688, 10.7271249294281, 10.834496021270752, 10.938536882400513, 11.059648990631104, 11.17020297050476, 11.278098821640015, 11.375918865203857, 11.48853087425232, 11.587370872497559, 11.692524909973145, 11.80615496635437, 11.909665822982788, 12.024494886398315, 12.135954856872559, 12.251563787460327, 12.37240195274353, 12.489864826202393, 12.608224868774414, 12.721540927886963, 12.830030918121338, 12.944724798202515, 13.055430889129639, 13.166930913925171, 13.267819881439209, 13.384405851364136, 13.490420818328857, 13.599739789962769, 13.71443796157837, 13.828192949295044, 13.941756963729858, 14.057458877563477, 14.165323972702026, 14.277851819992065, 14.38935899734497, 14.504303932189941, 14.612648010253906, 14.718104839324951, 14.838495969772339, 14.955223798751831, 15.06108283996582]

Device/SubDeviceList/LHipPitch/Position/Sensor/Value = [0.3037738800048828, -0.21471810340881348, -0.610490083694458, -0.5813441276550293, -0.45555615425109863, -0.21471810340881348, 0.0015759468078613281, 0.25928807258605957, 0.18872404098510742, -0.38652610778808594, -0.6150920391082764, -0.5276541709899902, -0.39573001861572266, -0.1548919677734375, 0.06753802299499512, 0.3145120143890381, 0.009245872497558594, -0.4754979610443115, -0.6012859344482422, -0.49697399139404297, -0.3481760025024414, -0.10733795166015625, 0.07060599327087402, 0.31297802925109863, -0.04904603958129883, -0.5399260520935059, -0.5675380229949951, -0.4540219306945801, -0.2607381343841553, 0.05373191833496094, 0.24088001251220703, 0.44029998779296875, -0.03063797950744629, -0.5491299629211426, -0.5721399784088135, -0.4954400062561035, -0.3251659870147705, -0.07972598075866699, 0.08748006820678711, 0.3267838954925537, -0.11347413063049316, -0.5936160087585449, -0.4923720359802246, -0.35277795791625977, -0.36044812202453613, -0.48777008056640625, -0.8267841339111328, -0.9801840782165527, -1.0139319896697998, -1.0139319896697998, -1.0139319896697998, -1.0139319896697998, -1.0139319896697998, -1.0139319896697998, -1.0139319896697998, -1.0139319896697998, -1.0139319896697998, -1.0139319896697998, -1.0139319896697998, -1.0139319896697998, -1.0139319896697998, -1.0139319896697998, -1.0139319896697998, -1.0139319896697998, -1.0139319896697998, -1.0139319896697998, -1.0139319896697998, -1.0139319896697998, -1.0139319896697998, -1.0139319896697998, -1.0139319896697998, -1.0139319896697998, -1.0139319896697998, -1.0139319896697998, -1.0139319896697998, -1.0139319896697998, -1.0139319896697998, -1.0139319896697998, -1.0139319896697998, -1.0139319896697998, -1.0139319896697998, -1.0139319896697998, -1.0139319896697998, -1.0139319896697998, -1.0139319896697998, -1.0139319896697998, -1.0139319896697998, -1.0139319896697998, -1.0139319896697998, -1.0139319896697998, -1.0139319896697998, -1.0139319896697998, -1.0139319896697998, -1.0139319896697998, -1.0139319896697998, -1.0139319896697998, -1.0139319896697998, -1.0139319896697998, -1.0139319896697998, -1.0139319896697998, -1.0139319896697998, -1.0139319896697998, -1.0139319896697998, -1.0139319896697998, -1.0139319896697998, -1.0139319896697998, -1.0139319896697998, -1.0139319896697998, -1.0139319896697998, -1.0139319896697998, -1.0139319896697998, -1.0139319896697998, -1.0139319896697998, -1.0139319896697998, -1.0139319896697998, -1.0139319896697998, -1.0139319896697998, -1.0139319896697998, -1.0139319896697998, -1.0139319896697998, -1.0139319896697998, -1.0139319896697998, -1.0139319896697998, -1.0139319896697998, -1.0139319896697998, -1.0139319896697998, -1.0139319896697998]

Device/SubDeviceList/LHipYawPitch/Position/Sensor/Value = [0.010779857635498047, -0.0060939788818359375, 0.007711887359619141, 0.010779857635498047, -0.0030260086059570312, -0.010695934295654297, 0.007711887359619141, 0.009245872497558594, -0.01222991943359375, 4.1961669921875e-05, 0.009245872497558594, 0.004643917083740234, -0.01683211326599121, -0.010695934295654297, 0.013848066329956055, 0.013848066329956055, -0.015298128128051758, 0.0031099319458007812, 0.007711887359619141, 0.0015759468078613281, -0.01683211326599121, -0.009161949157714844, 0.015382051467895508, 0.004643917083740234, -0.01222991943359375, 0.0061779022216796875, 0.0123138427734375, 0.0031099319458007812, -0.013764142990112305, -0.0060939788818359375, 0.009245872497558594, 0.007711887359619141, -0.013764142990112305, 0.007711887359619141, 0.009245872497558594, 0.0031099319458007812, -0.015298128128051758, -0.004559993743896484, 0.007711887359619141, 0.0031099319458007812, 0.0061779022216796875, -0.015298128128051758, -0.013764142990112305, 4.1961669921875e-05, -0.0014920234680175781, -0.019900083541870117, -0.0060939788818359375, -0.027570009231567383, -0.02603602409362793, -0.029103994369506836, -0.029103994369506836, -0.027570009231567383, -0.027570009231567383, -0.029103994369506836, -0.029103994369506836, -0.027570009231567383, -0.027570009231567383, -0.029103994369506836, -0.027570009231567383, -0.029103994369506836, -0.029103994369506836, -0.027570009231567383, -0.027570009231567383, -0.029103994369506836, -0.029103994369506836, -0.029103994369506836, -0.029103994369506836, -0.029103994369506836, -0.029103994369506836, -0.027570009231567383, -0.029103994369506836, -0.029103994369506836, -0.029103994369506836, -0.029103994369506836, -0.029103994369506836, -0.029103994369506836, -0.027570009231567383, -0.027570009231567383, -0.027570009231567383, -0.027570009231567383, -0.027570009231567383, -0.027570009231567383, -0.029103994369506836, -0.029103994369506836, -0.029103994369506836, -0.029103994369506836, -0.029103994369506836, -0.029103994369506836, -0.027570009231567383, -0.029103994369506836, -0.029103994369506836, -0.027570009231567383, -0.027570009231567383, -0.027570009231567383, -0.029103994369506836, -0.029103994369506836, -0.027570009231567383, -0.027570009231567383, -0.027570009231567383, -0.027570009231567383, -0.027570009231567383, -0.029103994369506836, -0.027570009231567383, -0.027570009231567383, -0.027570009231567383, -0.029103994369506836, -0.027570009231567383, -0.029103994369506836, -0.027570009231567383, -0.029103994369506836, -0.027570009231567383, -0.027570009231567383, -0.029103994369506836, -0.029103994369506836, -0.027570009231567383, -0.029103994369506836, -0.027570009231567383, -0.029103994369506836, -0.027570009231567383, -0.029103994369506836, -0.029103994369506836, -0.029103994369506836, -0.029103994369506836, -0.027570009231567383, -0.029103994369506836, -0.029103994369506836, -0.029103994369506836]

Device/SubDeviceList/InertialSensor/GyroscopeX/Sensor/Value = [-0.06391586363315582, 0.5302354097366333, 0.43835631012916565, -0.1877528578042984, 0.003994741477072239, -0.5262406468391418, -0.05139901116490364, 0.411724716424942, 0.06471481919288635, 0.4663195013999939, 0.18828549981117249, -0.5789712071418762, -0.2514024078845978, -0.39574575424194336, 0.09933590888977051, 0.6423544883728027, 0.11025486886501312, 0.19148129224777222, -0.11078750342130661, -0.546480655670166, -0.5632585883140564, -0.5289037823677063, 0.023435818031430244, 0.6484797596931458, 0.6588660478591919, 0.5507417321205139, -0.08655273914337158, 0.08868326246738434, -1.1342403888702393, -0.5020058751106262, -0.45779740810394287, 0.21172131597995758, 0.5278385281562805, 0.6404902338981628, 0.3816309869289398, -0.34754252433776855, -0.9044095277786255, -0.7938883304595947, -0.5123922228813171, -0.03834952041506767, -0.31025826930999756, 0.6261091828346252, 1.5387744903564453, 2.0817930698394775, 3.432814598083496, 1.8074874877929688, 1.8674086332321167, 0.3009372055530548, 0.3880225718021393, -0.006657903082668781, 0.05992112681269646, 0.006657903082668781, -0.0018642127979546785, 0.0, 0.003728425595909357, 0.001597896683961153, -0.0034621094819158316, 0.0002663161139935255, 0.0023968450259417295, -0.0023968450259417295, 0.0023968450259417295, 0.0023968450259417295, -0.0023968450259417295, -0.002663161139935255, -0.000532632227987051, 0.0, 0.0, 0.001065264455974102, -0.0013315805699676275, -0.0002663161139935255, -0.002663161139935255, 0.001065264455974102, 0.001065264455974102, 0.0013315805699676275, 0.0002663161139935255, -0.0007989483419805765, -0.0002663161139935255, 0.0, 0.0013315805699676275, 0.0002663161139935255, 0.0013315805699676275, -0.000532632227987051, 0.0002663161139935255, -0.0002663161139935255, -0.002130528911948204, 0.003728425595909357, -0.0023968450259417295, -0.0002663161139935255, -0.001597896683961153, -0.0002663161139935255, 0.001065264455974102, -0.0018642127979546785, -0.001065264455974102, 0.0, -0.002663161139935255, 0.0013315805699676275, 0.0023968450259417295, -0.0002663161139935255, 0.0, 0.0, 0.003994741477072239, -0.0013315805699676275, 0.0, 0.000532632227987051, 0.000532632227987051, 0.0023968450259417295, 0.0, 0.0, 0.0, -0.0029294772539287806, -0.000532632227987051, -0.001597896683961153, -0.0007989483419805765, 0.001597896683961153, -0.0002663161139935255, 0.002663161139935255, 0.0, -0.001597896683961153, -0.000532632227987051, 0.003994741477072239, -0.0013315805699676275, 0.0, -0.003728425595909357, -0.0034621094819158316, -0.0029294772539287806, 0.001597896683961153, 0.0]

Device/SubDeviceList/LKneePitch/ElectricCurrent/Sensor/Value = [0.4480000138282776, 0.24000000953674316, 0.0, 0.0, 1.568000078201294, 0.7040000557899475, 0.2720000147819519, 0.04800000041723251, 0.01600000075995922, 0.12800000607967377, 0.4320000112056732, 0.0, 0.4320000112056732, 0.6080000400543213, 1.1040000915527344, 0.5440000295639038, 0.06400000303983688, 0.0, 0.0, 0.0, 0.8160000443458557, 0.6240000128746033, 0.527999997138977, 0.48000001907348633, 0.03200000151991844, 0.0, 0.03200000151991844, 0.0, 0.03200000151991844, 0.5760000348091125, 0.1600000113248825, 0.5440000295639038, 0.1120000034570694, 0.0, 0.0, 0.03200000151991844, 0.01600000075995922, 0.527999997138977, 0.8160000443458557, 1.1360000371932983, 0.0, 0.0, 0.0, 0.0, 0.0, 0.0, 0.0, 0.0, 0.0, 0.0, 0.0, 0.0, 0.0, 0.0, 0.0, 0.0, 0.0, 0.0, 0.0, 0.0, 0.0, 0.0, 0.0, 0.0, 0.0, 0.0, 0.0, 0.0, 0.0, 0.0, 0.0, 0.0, 0.0, 0.0, 0.0, 0.0, 0.0, 0.0, 0.0, 0.0, 0.0, 0.0, 0.0, 0.0, 0.0, 0.0, 0.0, 0.0, 0.0, 0.0, 0.0, 0.0, 0.0, 0.0, 0.0, 0.0, 0.0, 0.0, 0.0, 0.0, 0.0, 0.0, 0.0, 0.0, 0.0, 0.0, 0.0, 0.0, 0.0, 0.0, 0.0, 0.0, 0.0, 0.0, 0.0, 0.0, 0.0, 0.0, 0.0, 0.0, 0.0, 0.0, 0.0, 0.0, 0.0, 0.0, 0.0]

Device/SubDeviceList/LAnkleRoll/Position/Sensor/Value = [-0.19017410278320312, -0.21011614799499512, -0.17023205757141113, -0.022968053817749023, 0.1104898452758789, 0.127363920211792, 0.05986785888671875, -0.11807608604431152, -0.19477605819702148, -0.22852396965026855, -0.1548919677734375, 0.01691603660583496, 0.10281991958618164, 0.12122797966003418, 0.042994022369384766, -0.16563010215759277, -0.19937801361083984, -0.2469320297241211, -0.19477605819702148, -0.03523993492126465, 0.07520794868469238, 0.10588788986206055, 0.03992605209350586, -0.14722204208374023, -0.2208540439605713, -0.2929520606994629, -0.18250393867492676, -0.12114405632019043, -0.0030260086059570312, 0.033789873123168945, -0.06131792068481445, -0.19324207305908203, -0.19477605819702148, -0.23312616348266602, -0.14262008666992188, -0.019900083541870117, 0.09514999389648438, 0.127363920211792, 0.05526590347290039, -0.09506607055664062, -0.16409611701965332, -0.18250393867492676, -0.07052206993103027, 0.009245872497558594, 0.04146003723144531, 0.03072190284729004, 0.02611994743347168, 0.05373191833496094, 0.05373191833496094, 0.05526590347290039, 0.05526590347290039, 0.05526590347290039, 0.05526590347290039, 0.05526590347290039, 0.05526590347290039, 0.05526590347290039, 0.05526590347290039, 0.05526590347290039, 0.05526590347290039, 0.05526590347290039, 0.05526590347290039, 0.05526590347290039, 0.05526590347290039, 0.05526590347290039, 0.05526590347290039, 0.05526590347290039, 0.05526590347290039, 0.05526590347290039, 0.05526590347290039, 0.05526590347290039, 0.05526590347290039, 0.05526590347290039, 0.05526590347290039, 0.05526590347290039, 0.05526590347290039, 0.05526590347290039, 0.05526590347290039, 0.05526590347290039, 0.05526590347290039, 0.05526590347290039, 0.05526590347290039, 0.05526590347290039, 0.05526590347290039, 0.05526590347290039, 0.05526590347290039, 0.05526590347290039, 0.05526590347290039, 0.05526590347290039, 0.05526590347290039, 0.05526590347290039, 0.05526590347290039, 0.05526590347290039, 0.05526590347290039, 0.05526590347290039, 0.05526590347290039, 0.05526590347290039, 0.05373191833496094, 0.05526590347290039, 0.05526590347290039, 0.05526590347290039, 0.05526590347290039, 0.05526590347290039, 0.05526590347290039, 0.05526590347290039, 0.05526590347290039, 0.05526590347290039, 0.05526590347290039, 0.05526590347290039, 0.05526590347290039, 0.05526590347290039, 0.05526590347290039, 0.05526590347290039, 0.05526590347290039, 0.05526590347290039, 0.05526590347290039, 0.05526590347290039, 0.05526590347290039, 0.05526590347290039, 0.05526590347290039, 0.05526590347290039, 0.05526590347290039, 0.05526590347290039, 0.05526590347290039, 0.05526590347290039, 0.05526590347290039, 0.05526590347290039, 0.05526590347290039]

displacement = [0.009072888903869796, 0.010027909930721233, 0.055305507186718735, 0.07662253555933456, 0.08555740747674645, 0.09946182663341414, 0.14455670947920274, 0.16075227458292987, 0.1593587345003506, 0.18452426796088917, 0.23096459516085152, 0.24034685247067497, 0.24053002529135323, 0.26800136426614585, 0.3130182808340162, 0.3202409502315234, 0.3203829907520231, 0.3577153358117718, 0.39628998545119537, 0.4016866627802093, 0.40106553401444556, 0.4372925331142388, 0.47795330105185374, 0.4817072663039158, 0.4830951806223998, 0.5172867675975534, 0.564145787764142, 0.563275471076428, 0.5658371249118462, 0.6065070484802063, 0.6411225242498484, 0.6419007355535129, 0.6417662702360749, 0.6888769118366552, 0.7236830822081227, 0.7228875495631873, 0.7214738016739728, 0.7553700350513544, 0.7988489531293798, 0.8023006180041218, 0.7997074246622425, 0.8457419759733655, 0.8869572793307569, 0.8851669946540079, 2.525080588448634, 2.525080588448634, 2.525080588448634, 2.525080588448634, 2.525080588448634, 2.525080588448634, 2.525080588448634, 2.525080588448634, 2.525080588448634, 2.525080588448634, 2.525080588448634, 2.525080588448634, 2.525080588448634, 2.525080588448634, 2.525080588448634, 2.525080588448634, 2.525080588448634, 2.525080588448634, 2.525080588448634, 2.525080588448634, 2.525080588448634, 2.525080588448634, 2.525080588448634, 2.525080588448634, 2.525080588448634, 2.525080588448634, 2.525080588448634, 2.525080588448634, 2.525080588448634, 2.525080588448634, 2.525080588448634, 2.525080588448634, 2.525080588448634, 2.525080588448634, 2.525080588448634, 2.525080588448634, 2.525080588448634, 2.525080588448634, 2.525080588448634, 2.525080588448634, 2.525080588448634, 2.525080588448634, 2.525080588448634, 2.525080588448634, 2.525080588448634, 2.525080588448634, 2.525080588448634, 2.525080588448634, 2.525080588448634, 2.525080588448634, 2.525080588448634, 2.525080588448634, 2.525080588448634, 2.525080588448634, 2.525080588448634, 2.525080588448634, 2.525080588448634, 2.525080588448634, 2.525080588448634, 2.525080588448634, 2.525080588448634, 2.525080588448634, 2.525080588448634, 2.525080588448634, 2.525080588448634, 2.525080588448634, 2.525080588448634, 2.525080588448634, 2.525080588448634, 2.525080588448634, 2.525080588448634, 2.525080588448634, 2.525080588448634, 2.525080588448634, 2.525080588448634, 2.525080588448634, 2.525080588448634, 2.525080588448634, 2.525080588448634, 2.525080588448634, 2.525080588448634, 2.525080588448634, 2.525080588448634]

position_x = [0.009045660495758057, -0.0004432201385498047, 0.014223039150238037, 0.027342259883880615, 0.025148749351501465, 0.03458607196807861, 0.04972046613693237, 0.04657280445098877, 0.042428791522979736, 0.05200064182281494, 0.061065673828125, 0.07067883014678955, 0.07065927982330322, 0.082552969455719, 0.0964503288269043, 0.09074628353118896, 0.08651018142700195, 0.0986056923866272, 0.10501319169998169, 0.11501044034957886, 0.11522191762924194, 0.1314399242401123, 0.14276224374771118, 0.1369650959968567, 0.13534438610076904, 0.13998550176620483, 0.15399128198623657, 0.16105204820632935, 0.16543734073638916, 0.17758941650390625, 0.1875322461128235, 0.18366211652755737, 0.17460763454437256, 0.18984055519104004, 0.19749343395233154, 0.20491647720336914, 0.20710515975952148, 0.21797186136245728, 0.2319965362548828, 0.22658950090408325, 0.22266721725463867, 0.22470152378082275, 0.24346810579299927, 0.24934923648834229, -0.7136682271957397, -0.7136682271957397, -0.7136682271957397, -0.7136682271957397, -0.7136682271957397, -0.7136682271957397, -0.7136682271957397, -0.7136682271957397, -0.7136682271957397, -0.7136682271957397, -0.7136682271957397, -0.7136682271957397, -0.7136682271957397, -0.7136682271957397, -0.7136682271957397, -0.7136682271957397, -0.7136682271957397, -0.7136682271957397, -0.7136682271957397, -0.7136682271957397, -0.7136682271957397, -0.7136682271957397, -0.7136682271957397, -0.7136682271957397, -0.7136682271957397, -0.7136682271957397, -0.7136682271957397, -0.7136682271957397, -0.7136682271957397, -0.7136682271957397, -0.7136682271957397, -0.7136682271957397, -0.7136682271957397, -0.7136682271957397, -0.7136682271957397, -0.7136682271957397, -0.7136682271957397, -0.7136682271957397, -0.7136682271957397, -0.7136682271957397, -0.7136682271957397, -0.7136682271957397, -0.7136682271957397, -0.7136682271957397, -0.7136682271957397, -0.7136682271957397, -0.7136682271957397, -0.7136682271957397, -0.7136682271957397, -0.7136682271957397, -0.7136682271957397, -0.7136682271957397, -0.7136682271957397, -0.7136682271957397, -0.7136682271957397, -0.7136682271957397, -0.7136682271957397, -0.7136682271957397, -0.7136682271957397, -0.7136682271957397, -0.7136682271957397, -0.7136682271957397, -0.7136682271957397, -0.7136682271957397, -0.7136682271957397, -0.7136682271957397, -0.7136682271957397, -0.7136682271957397, -0.7136682271957397, -0.7136682271957397, -0.7136682271957397, -0.7136682271957397, -0.7136682271957397, -0.7136682271957397, -0.7136682271957397, -0.7136682271957397, -0.7136682271957397, -0.7136682271957397, -0.7136682271957397, -0.7136682271957397, -0.7136682271957397, -0.7136682271957397, -0.7136682271957397]

position_y = [0.0007023811340332031, 0.010018110275268555, 0.05344533920288086, 0.0715780258178711, 0.08177781105041504, 0.09325480461120605, 0.13573694229125977, 0.15385794639587402, 0.15360665321350098, 0.17704558372497559, 0.22274565696716309, 0.2297196388244629, 0.22991728782653809, 0.25497007369995117, 0.297788143157959, 0.3071146011352539, 0.30848217010498047, 0.3438563346862793, 0.3821229934692383, 0.3848698139190674, 0.3841581344604492, 0.4170711040496826, 0.4561340808868408, 0.4618251323699951, 0.4637486934661865, 0.4979856014251709, 0.5427219867706299, 0.5397605895996094, 0.541111946105957, 0.5799248218536377, 0.6130821704864502, 0.6150648593902588, 0.6175565719604492, 0.6622023582458496, 0.6962137222290039, 0.6932356357574463, 0.6911091804504395, 0.7232372760772705, 0.7644195556640625, 0.7696385383605957, 0.768082857131958, 0.8153457641601562, 0.8528871536254883, 0.849320650100708, -2.4221291542053223, -2.4221291542053223, -2.4221291542053223, -2.4221291542053223, -2.4221291542053223, -2.4221291542053223, -2.4221291542053223, -2.4221291542053223, -2.4221291542053223, -2.4221291542053223, -2.4221291542053223, -2.4221291542053223, -2.4221291542053223, -2.4221291542053223, -2.4221291542053223, -2.4221291542053223, -2.4221291542053223, -2.4221291542053223, -2.4221291542053223, -2.4221291542053223, -2.4221291542053223, -2.4221291542053223, -2.4221291542053223, -2.4221291542053223, -2.4221291542053223, -2.4221291542053223, -2.4221291542053223, -2.4221291542053223, -2.4221291542053223, -2.4221291542053223, -2.4221291542053223, -2.4221291542053223, -2.4221291542053223, -2.4221291542053223, -2.4221291542053223, -2.4221291542053223, -2.4221291542053223, -2.4221291542053223, -2.4221291542053223, -2.4221291542053223, -2.4221291542053223, -2.4221291542053223, -2.4221291542053223, -2.4221291542053223, -2.4221291542053223, -2.4221291542053223, -2.4221291542053223, -2.4221291542053223, -2.4221291542053223, -2.4221291542053223, -2.4221291542053223, -2.4221291542053223, -2.4221291542053223, -2.4221291542053223, -2.4221291542053223, -2.4221291542053223, -2.4221291542053223, -2.4221291542053223, -2.4221291542053223, -2.4221291542053223, -2.4221291542053223, -2.4221291542053223, -2.4221291542053223, -2.4221291542053223, -2.4221291542053223, -2.4221291542053223, -2.4221291542053223, -2.4221291542053223, -2.4221291542053223, -2.4221291542053223, -2.4221291542053223, -2.4221291542053223, -2.4221291542053223, -2.4221291542053223, -2.4221291542053223, -2.4221291542053223, -2.4221291542053223, -2.4221291542053223, -2.4221291542053223, -2.4221291542053223, -2.4221291542053223, -2.4221291542053223, -2.4221291542053223]

Device/SubDeviceList/LFoot/FSR/TotalWeight/Sensor/Value = [0.3831630051136017, 0.021685009822249413, 0.006787178572267294, 0.3850928246974945, 2.5671329498291016, 1.3433842658996582, 2.7652552127838135, 1.2457938194274902, 0.004208223894238472, 0.001948367222212255, 0.0, 0.24331483244895935, 2.8956542015075684, 3.1891329288482666, 2.6332781314849854, 1.2398014068603516, 0.006672693882137537, 0.0, 0.003952756058424711, 0.0, 2.3887507915496826, 2.7336137294769287, 3.2254271507263184, 2.897789239883423, 0.006216955836862326, 0.0, 0.004391374532133341, 0.00011345078382873908, 2.0227293968200684, 2.85141658782959, 3.023730754852295, 3.1977956295013428, 0.004428077023476362, 0.0013533717719838023, 0.0020540112163871527, 0.0016326005570590496, 1.2136688232421875, 3.227430582046509, 4.085056304931641, 3.8574233055114746, 4.642233848571777, 1.6867334842681885, 2.5206031799316406, 0.0009370630141347647, 0.0010408598463982344, 0.0, 0.0, 0.002620704472064972, 0.05049346014857292, 0.00876730028539896, 0.013779773376882076, 0.013099079951643944, 0.012091602198779583, 0.012677338905632496, 0.010447676293551922, 0.011883722618222237, 0.012845701538026333, 0.011511285789310932, 0.012091602198779583, 0.010610122233629227, 0.009402032941579819, 0.010854605585336685, 0.011428819969296455, 0.011925240978598595, 0.01242563221603632, 0.012174936011433601, 0.01280356664210558, 0.012930046766996384, 0.013737012632191181, 0.012300163507461548, 0.008452380076050758, 0.010285647585988045, 0.011141047812998295, 0.01184223685413599, 0.012509427964687347, 0.00825638696551323, 0.010528843849897385, 0.011635181494057178, 0.010124048218131065, 0.011100045405328274, 0.007285787723958492, 0.009641766548156738, 0.010285647585988045, 0.009802102111279964, 0.010204787366092205, 0.010204787366092205, 0.008688419125974178, 0.00908383633941412, 0.009842257015407085, 0.009721878916025162, 0.009842257015407085, 0.010407124646008015, 0.008178165182471275, 0.009842257015407085, 0.005315770860761404, 0.006787178572267294, 0.0070551480166614056, 0.008688419125974178, 0.008373905904591084, 0.008452380076050758, 0.006141329184174538, 0.005915043409913778, 0.009681811556220055, 0.008530965074896812, 0.009441924281418324, 0.009481837972998619, 0.009242731146514416, 0.008806774392724037, 0.009044187143445015, 0.008846280165016651, 0.009641766548156738, 0.010977204889059067, 0.009962866082787514, 0.010569472797214985, 0.009441924281418324, 0.009402032941579819, 0.008925359696149826, 0.007208808790892363, 0.009322327561676502, 0.007827411405742168, 0.008846280165016651, 0.009641766548156738, 0.00888580922037363, 0.009962866082787514, 0.009802102111279964, 0.011717922054231167, 0.009362163953483105]

Device/SubDeviceList/InertialSensor/AngleX/Sensor/Value = [-0.16739541292190552, -0.12482721358537674, -0.0370066799223423, -0.01150447502732277, -0.02914506569504738, -0.15148001909255981, -0.195390522480011, -0.19078856706619263, -0.1856110692024231, -0.08302623778581619, -0.002108875894919038, 0.001342471456155181, -0.004601780790835619, -0.130388081073761, -0.1842692494392395, -0.17698270082473755, -0.12156755477190018, -0.017832104116678238, 0.011696990579366684, 0.016298945993185043, 0.019175227731466293, -0.1608760952949524, -0.20612841844558716, -0.2113054394721985, -0.12137586623430252, 0.03585737571120262, 0.10066764801740646, 0.1265537142753601, 0.07612436264753342, -0.11504823714494705, -0.205552875995636, -0.27956753969192505, -0.20804578065872192, -0.05944139137864113, 0.08110969513654709, 0.09759967774152756, 0.05138891562819481, -0.1365240216255188, -0.2542570233345032, -0.34188538789749146, -0.3727567791938782, -0.3721817135810852, -0.17487365007400513, 0.06442754715681076, 0.4697820544242859, 0.7029473185539246, 0.96564120054245, 1.0799227952957153, 0.9347698092460632, 0.8498255610466003, 0.7618138194084167, 0.698344886302948, 0.6461898684501648, 0.6107165217399597, 0.5836798548698425, 0.5604788661003113, 0.5451390147209167, 0.5320999026298523, 0.5234715342521667, 0.5165683627128601, 0.5113913416862488, 0.5077478289604187, 0.5046798586845398, 0.5019957423210144, 0.5000779032707214, 0.4985443949699402, 0.49739378690719604, 0.4968182444572449, 0.49643486738204956, 0.49605149030685425, 0.4954764246940613, 0.4952842593193054, 0.4952842593193054, 0.49509257078170776, 0.4945175051689148, 0.4945175051689148, 0.4945175051689148, 0.49470919370651245, 0.4945175051689148, 0.49432581663131714, 0.4941341280937195, 0.4939419627189636, 0.49432581663131714, 0.49432581663131714, 0.4941341280937195, 0.4945175051689148, 0.4945175051689148, 0.4945175051689148, 0.4945175051689148, 0.4941341280937195, 0.4941341280937195, 0.4941341280937195, 0.49432581663131714, 0.4941341280937195, 0.49375027418136597, 0.4941341280937195, 0.4941341280937195, 0.49432581663131714, 0.49432581663131714, 0.4945175051689148, 0.4949008822441101, 0.4949008822441101, 0.49470919370651245, 0.4945175051689148, 0.4941341280937195, 0.4945175051689148, 0.4945175051689148, 0.4945175051689148, 0.49470919370651245, 0.4945175051689148, 0.49432581663131714, 0.49432581663131714, 0.4939419627189636, 0.4941341280937195, 0.4939419627189636, 0.4939419627189636, 0.4941341280937195, 0.4939419627189636, 0.4939419627189636, 0.4941341280937195, 0.49432581663131714, 0.4945175051689148, 0.49432581663131714, 0.49432581663131714, 0.4941341280937195, 0.49432581663131714, 0.49432581663131714]

Device/SubDeviceList/LHipPitch/ElectricCurrent/Sensor/Value = [1.0240000486373901, 1.568000078201294, 0.35200002789497375, 0.48000001907348633, 0.2720000147819519, 0.0, 0.0, 0.0, 0.2240000069141388, 0.04800000041723251, 0.0, 0.0, 0.7360000610351562, 0.06400000303983688, 0.0, 0.0, 0.0, 0.0, 0.320000022649765, 0.01600000075995922, 0.8640000224113464, 0.0, 0.0, 0.0, 0.320000022649765, 0.0, 0.04800000041723251, 0.04800000041723251, 0.48000001907348633, 0.0, 0.0, 0.14400000870227814, 0.0, 0.0, 0.01600000075995922, 0.1600000113248825, 0.6240000128746033, 0.0, 0.0, 0.0, 0.14400000870227814, 0.800000011920929, 0.7200000286102295, 0.24000000953674316, 0.0, 0.0, 0.0, 0.0, 0.0, 0.0, 0.0, 0.0, 0.0, 0.0, 0.0, 0.0, 0.0, 0.0, 0.0, 0.0, 0.0, 0.0, 0.0, 0.0, 0.0, 0.0, 0.0, 0.0, 0.0, 0.0, 0.0, 0.0, 0.0, 0.0, 0.0, 0.0, 0.0, 0.0, 0.0, 0.0, 0.0, 0.0, 0.0, 0.0, 0.0, 0.0, 0.0, 0.0, 0.0, 0.0, 0.0, 0.0, 0.0, 0.0, 0.0, 0.0, 0.0, 0.0, 0.0, 0.0, 0.0, 0.0, 0.0, 0.0, 0.0, 0.0, 0.0, 0.0, 0.0, 0.0, 0.0, 0.0, 0.0, 0.0, 0.0, 0.0, 0.0, 0.0, 0.0, 0.0, 0.0, 0.0, 0.0, 0.0, 0.0, 0.0, 0.0]

Device/SubDeviceList/LHipRoll/Position/Sensor/Value = [0.3145120143890381, 0.3099100589752197, 0.32218194007873535, 0.2485499382019043, 0.0844118595123291, 0.05066394805908203, 0.07980990409851074, 0.16264605522155762, 0.31604599952697754, 0.3114440441131592, 0.3145120143890381, 0.21326804161071777, 0.09821796417236328, 0.06600403785705566, 0.07827591896057129, 0.19332599639892578, 0.28690004348754883, 0.3605320453643799, 0.3344540596008301, 0.21020007133483887, 0.14883995056152344, 0.09821796417236328, 0.09054803848266602, 0.19025802612304688, 0.3298518657684326, 0.4050178527832031, 0.3927459716796875, 0.21633601188659668, 0.2286078929901123, 0.16111207008361816, 0.19332599639892578, 0.2884340286254883, 0.3528618812561035, 0.33598804473876953, 0.3329200744628906, 0.16111207008361816, 0.127363920211792, 0.09054803848266602, 0.07367396354675293, 0.1595778465270996, 0.30530786514282227, 0.34825992584228516, 0.18719005584716797, 0.09054803848266602, 0.1304318904876709, 0.052197933197021484, 0.0813438892364502, -0.019900083541870117, 0.03072190284729004, 0.03225588798522949, 0.033789873123168945, 0.03225588798522949, 0.03225588798522949, 0.03225588798522949, 0.03225588798522949, 0.03225588798522949, 0.033789873123168945, 0.033789873123168945, 0.03225588798522949, 0.03225588798522949, 0.03225588798522949, 0.03225588798522949, 0.03225588798522949, 0.03225588798522949, 0.03225588798522949, 0.03225588798522949, 0.03225588798522949, 0.033789873123168945, 0.033789873123168945, 0.033789873123168945, 0.03225588798522949, 0.03225588798522949, 0.03225588798522949, 0.03225588798522949, 0.033789873123168945, 0.033789873123168945, 0.03225588798522949, 0.03225588798522949, 0.03225588798522949, 0.03225588798522949, 0.03225588798522949, 0.033789873123168945, 0.03225588798522949, 0.033789873123168945, 0.03225588798522949, 0.03225588798522949, 0.03225588798522949, 0.033789873123168945, 0.03225588798522949, 0.03225588798522949, 0.03225588798522949, 0.033789873123168945, 0.03225588798522949, 0.03225588798522949, 0.033789873123168945, 0.03225588798522949, 0.033789873123168945, 0.033789873123168945, 0.03225588798522949, 0.03225588798522949, 0.03225588798522949, 0.03225588798522949, 0.03225588798522949, 0.03225588798522949, 0.03225588798522949, 0.03225588798522949, 0.03225588798522949, 0.03225588798522949, 0.03225588798522949, 0.03225588798522949, 0.03225588798522949, 0.03225588798522949, 0.033789873123168945, 0.033789873123168945, 0.03225588798522949, 0.03225588798522949, 0.03225588798522949, 0.03225588798522949, 0.03225588798522949, 0.03225588798522949, 0.03225588798522949, 0.03225588798522949, 0.033789873123168945, 0.03225588798522949, 0.03225588798522949, 0.03225588798522949, 0.03225588798522949]

Device/SubDeviceList/RHipPitch/Position/Sensor/Value = [-0.297637939453125, -0.16724801063537598, -0.042994022369384766, 0.1349501609802246, 0.24079608917236328, -0.30223989486694336, -0.43109607696533203, -0.34825992584228516, -0.24241399765014648, -0.09668397903442383, 0.033705949783325195, 0.21778607368469238, 0.12421202659606934, -0.28690004348754883, -0.41115403175354004, -0.3267838954925537, -0.20713186264038086, -0.06293606758117676, 0.056715965270996094, 0.2438640594482422, 0.06592011451721191, -0.33138608932495117, -0.4188239574432373, -0.30223989486694336, -0.18872404098510742, -0.007711887359619141, 0.11654210090637207, 0.3082921504974365, 0.007627964019775391, -0.31911396980285645, -0.35439586639404297, -0.27616190910339355, -0.16418004035949707, -0.018450021743774414, 0.11654210090637207, 0.29448604583740234, -0.018450021743774414, -0.3467259407043457, -0.3958139419555664, -0.29610395431518555, -0.18719005584716797, -0.08901405334472656, 0.3359041213989258, 0.5046441555023193, 0.47396397590637207, 0.4110701084136963, 0.04904603958129883, -0.15497589111328125, -0.20406389236450195, -0.2055978775024414, -0.2055978775024414, -0.2055978775024414, -0.2055978775024414, -0.2055978775024414, -0.2055978775024414, -0.2055978775024414, -0.2055978775024414, -0.2055978775024414, -0.2055978775024414, -0.2055978775024414, -0.2055978775024414, -0.2055978775024414, -0.2055978775024414, -0.2055978775024414, -0.2055978775024414, -0.2055978775024414, -0.2055978775024414, -0.20406389236450195, -0.2055978775024414, -0.2055978775024414, -0.2055978775024414, -0.2055978775024414, -0.2055978775024414, -0.2055978775024414, -0.2055978775024414, -0.2055978775024414, -0.20406389236450195, -0.2055978775024414, -0.2055978775024414, -0.2055978775024414, -0.2055978775024414, -0.2055978775024414, -0.2055978775024414, -0.2055978775024414, -0.2055978775024414, -0.2055978775024414, -0.2055978775024414, -0.2055978775024414, -0.2055978775024414, -0.2055978775024414, -0.2055978775024414, -0.2055978775024414, -0.2055978775024414, -0.20406389236450195, -0.2055978775024414, -0.2055978775024414, -0.2055978775024414, -0.2055978775024414, -0.2055978775024414, -0.2055978775024414, -0.20406389236450195, -0.2055978775024414, -0.2055978775024414, -0.2055978775024414, -0.2055978775024414, -0.2055978775024414, -0.2055978775024414, -0.2055978775024414, -0.2055978775024414, -0.2055978775024414, -0.2055978775024414, -0.2055978775024414, -0.2055978775024414, -0.2055978775024414, -0.2055978775024414, -0.20406389236450195, -0.2055978775024414, -0.2055978775024414, -0.2055978775024414, -0.2055978775024414, -0.2055978775024414, -0.2055978775024414, -0.2055978775024414, -0.2055978775024414, -0.2055978775024414, -0.2055978775024414, -0.2055978775024414]

Device/SubDeviceList/RFoot/FSR/CenterOfPressure/X/Sensor/Value = [-0.030247271060943604, 0.04109854996204376, 0.048148203641176224, -0.025263149291276932, -0.03021916374564171, -0.029650002717971802, -0.029650000855326653, -0.03024589829146862, -0.009362990967929363, 0.054569829255342484, -0.007696900051087141, -0.029847802594304085, -0.029649998992681503, -0.029650000855326653, -0.029650000855326653, -0.030249599367380142, -0.029697757214307785, 0.06863714009523392, 0.027540283277630806, -0.017666734755039215, -0.029650000855326653, -0.029650000855326653, -0.029650000855326653, -0.029650000855326653, 0.02107428014278412, 0.02330246940255165, -0.0013423770433291793, 0.04229407012462616, -0.029650000855326653, -0.029650000855326653, -0.029650000855326653, -0.029649998992681503, 0.010561968199908733, 0.03538908064365387, -0.019032921642065048, -0.0158599354326725, -0.029650000855326653, -0.029650000855326653, -0.029650002717971802, -0.029650000855326653, -0.029650000855326653, 0.06974788755178452, -0.029649998992681503, 0.05502178519964218, -0.029650000855326653, -0.029649998992681503, -0.029650000855326653, -0.029650000855326653, 0.0, 0.0, 0.0, 0.0, 0.0, 0.0, 0.0, 0.0, 0.0, 0.0, 0.0, 0.0, 0.0, 0.0, 0.0, 0.0, 0.0, 0.0, 0.0, 0.0, 0.0, 0.0, 0.0, 0.0, 0.0, 0.0, 0.0, 0.0, 0.0, 0.0, 0.0, 0.0, 0.0, 0.0, 0.0, 0.0, 0.0, 0.0, 0.0, 0.0, 0.0, 0.0, 0.0, 0.0, 0.0, 0.0, 0.0, 0.0, 0.0, 0.0, 0.0, 0.0, 0.0, 0.0, 0.0, 0.0, 0.0, 0.0, 0.0, 0.0, 0.0, 0.0, 0.0, 0.0, 0.0, 0.0, 0.0, 0.0, 0.0, 0.0, 0.0, 0.0, 0.0, 0.0, 0.0, 0.0, 0.0, 0.0, 0.0]

Device/SubDeviceList/InertialSensor/AngleY/Sensor/Value = [-0.1305801272392273, -0.034897979348897934, -0.019366439431905746, -0.059441741555929184, -0.13268917798995972, -0.1089126393198967, -0.048512157052755356, -0.09472339600324631, -0.08264320343732834, -0.007477934937924147, -0.05637377128005028, -0.14496105909347534, -0.11485689133405685, 0.017065349966287613, -0.015531715005636215, -0.12559479475021362, -0.10833757370710373, -0.00786178931593895, -0.005560572724789381, -0.07248037308454514, -0.07842462509870529, 0.025502506643533707, -0.040650542825460434, -0.12310188263654709, -0.08225982636213303, -0.01572340354323387, -0.10431068390607834, -0.1583835482597351, -0.07631557434797287, 0.01840764656662941, -0.048512157052755356, -0.09510677307844162, -0.015531715005636215, 0.01284724846482277, -0.12636154890060425, -0.21245640516281128, -0.10718696564435959, 0.0454443134367466, -0.006327803712338209, -0.08954589813947678, -0.14035910367965698, 0.1091044619679451, 0.29452449083328247, 0.18906337022781372, 0.30392009019851685, 0.5729420781135559, 0.7499249577522278, 0.7857816815376282, 1.1313108205795288, 1.3447259664535522, 1.462267279624939, 1.5899709463119507, 1.6868036985397339, 1.7594760656356812, 1.8208354711532593, 1.8639787435531616, 1.8948501348495483, 1.921502947807312, 1.9397186040878296, 1.9537166357040405, 1.9644540548324585, 1.9725078344345093, 1.9796022176742554, 1.9845880270004272, 1.9876559972763062, 1.9903401136398315, 1.9922574758529663, 1.9936002492904663, 1.9945586919784546, 1.9957088232040405, 1.996092677116394, 1.9964760541915894, 1.9968599081039429, 1.9970515966415405, 1.9974349737167358, 1.9974349737167358, 1.9978183507919312, 1.9978183507919312, 1.9983934164047241, 1.9980100393295288, 1.9978183507919312, 1.9976266622543335, 1.9978183507919312, 1.9982017278671265, 1.9980100393295288, 1.998968482017517, 1.9993523359298706, 1.9987767934799194, 1.999160647392273, 1.9983934164047241, 1.9980100393295288, 1.9982017278671265, 1.9978183507919312, 1.9978183507919312, 1.9978183507919312, 1.9982017278671265, 1.9985851049423218, 1.9983934164047241, 1.9987767934799194, 1.9987767934799194, 1.999160647392273, 1.9993523359298706, 1.9995440244674683, 1.9985851049423218, 1.9985851049423218, 1.9982017278671265, 1.9983934164047241, 1.9987767934799194, 1.9982017278671265, 1.9985851049423218, 1.9982017278671265, 1.9985851049423218, 1.9978183507919312, 1.9982017278671265, 1.9982017278671265, 1.9982017278671265, 1.9985851049423218, 1.9985851049423218, 1.9985851049423218, 1.9987767934799194, 1.998968482017517, 1.999160647392273, 1.9995440244674683, 1.9995440244674683, 1.999160647392273, 1.999160647392273, 1.9995440244674683]

Device/SubDeviceList/LHipRoll/ElectricCurrent/Sensor/Value = [0.0, 0.09600000083446503, 0.06400000303983688, 0.0, 0.5920000076293945, 0.06400000303983688, 0.0, 0.01600000075995922, 0.0, 0.17600001394748688, 0.0, 0.01600000075995922, 0.0, 0.25600001215934753, 0.0, 0.01600000075995922, 0.24000000953674316, 0.41600000858306885, 0.0, 0.0, 0.0, 0.1600000113248825, 0.0, 0.6880000233650208, 0.09600000083446503, 0.20800000429153442, 0.0, 0.0, 0.0, 0.25600001215934753, 0.0, 0.01600000075995922, 0.5120000243186951, 0.0, 0.0, 0.25600001215934753, 0.0, 0.0, 0.0, 0.20800000429153442, 0.0, 0.0, 0.0, 0.0, 0.0, 0.0, 0.0, 0.0, 0.0, 0.0, 0.0, 0.0, 0.0, 0.0, 0.0, 0.0, 0.0, 0.0, 0.0, 0.0, 0.0, 0.0, 0.0, 0.0, 0.0, 0.0, 0.0, 0.0, 0.0, 0.0, 0.0, 0.0, 0.0, 0.0, 0.0, 0.0, 0.0, 0.0, 0.0, 0.0, 0.0, 0.0, 0.0, 0.0, 0.0, 0.0, 0.0, 0.0, 0.0, 0.0, 0.0, 0.0, 0.0, 0.0, 0.0, 0.0, 0.0, 0.0, 0.0, 0.0, 0.0, 0.0, 0.0, 0.0, 0.0, 0.0, 0.0, 0.0, 0.0, 0.0, 0.0, 0.0, 0.0, 0.0, 0.0, 0.0, 0.0, 0.0, 0.0, 0.0, 0.0, 0.0, 0.0, 0.0, 0.0, 0.0, 0.0]

Device/SubDeviceList/LKneePitch/Position/Sensor/Value = [0.70713210105896, 1.142788052558899, 1.142788052558899, 1.3007900714874268, 1.3238000869750977, 1.0323400497436523, 0.8958139419555664, 0.6994619369506836, 0.8636000156402588, 1.1903420686721802, 1.2026140689849854, 1.3391400575637817, 1.2286920547485352, 1.007796049118042, 0.877406120300293, 0.647305965423584, 0.970980167388916, 1.181138038635254, 1.2501680850982666, 1.3391400575637817, 1.2118180990219116, 0.967911958694458, 0.8728041648864746, 0.6335000991821289, 1.0216021537780762, 1.1704000234603882, 1.29312002658844, 1.3437421321868896, 1.1320500373840332, 0.8697359561920166, 0.7500841617584229, 0.55373215675354, 1.0875639915466309, 1.2102841138839722, 1.294654130935669, 1.345276117324829, 1.1504580974578857, 0.9648439884185791, 0.8682019710540771, 0.6626460552215576, 1.0998361110687256, 1.175002098083496, 1.4127720594406128, 1.4618600606918335, 1.4695301055908203, 1.4235100746154785, 1.3053920269012451, 1.2731781005859375, 1.294654130935669, 1.294654130935669, 1.294654130935669, 1.294654130935669, 1.294654130935669, 1.294654130935669, 1.294654130935669, 1.294654130935669, 1.294654130935669, 1.294654130935669, 1.294654130935669, 1.294654130935669, 1.294654130935669, 1.294654130935669, 1.294654130935669, 1.294654130935669, 1.2961881160736084, 1.294654130935669, 1.294654130935669, 1.294654130935669, 1.294654130935669, 1.294654130935669, 1.294654130935669, 1.294654130935669, 1.294654130935669, 1.294654130935669, 1.294654130935669, 1.294654130935669, 1.294654130935669, 1.294654130935669, 1.294654130935669, 1.294654130935669, 1.294654130935669, 1.294654130935669, 1.294654130935669, 1.294654130935669, 1.294654130935669, 1.294654130935669, 1.294654130935669, 1.294654130935669, 1.294654130935669, 1.294654130935669, 1.294654130935669, 1.294654130935669, 1.294654130935669, 1.294654130935669, 1.294654130935669, 1.294654130935669, 1.294654130935669, 1.294654130935669, 1.294654130935669, 1.294654130935669, 1.294654130935669, 1.294654130935669, 1.294654130935669, 1.294654130935669, 1.294654130935669, 1.294654130935669, 1.294654130935669, 1.294654130935669, 1.294654130935669, 1.294654130935669, 1.294654130935669, 1.294654130935669, 1.294654130935669, 1.294654130935669, 1.294654130935669, 1.294654130935669, 1.294654130935669, 1.294654130935669, 1.294654130935669, 1.294654130935669, 1.294654130935669, 1.294654130935669, 1.294654130935669, 1.294654130935669, 1.294654130935669, 1.294654130935669, 1.294654130935669]

Device/SubDeviceList/RHipRoll/ElectricCurrent/Sensor/Value = [0.1120000034570694, 0.2880000174045563, 0.7680000066757202, 0.7200000286102295, 0.08000000566244125, 0.0, 0.08000000566244125, 0.01600000075995922, 0.5440000295639038, 0.527999997138977, 0.0, 0.527999997138977, 0.19200000166893005, 0.17600001394748688, 0.2880000174045563, 0.0, 0.14400000870227814, 0.0, 0.0, 0.8320000171661377, 0.25600001215934753, 0.2720000147819519, 0.0, 0.320000022649765, 0.0, 0.320000022649765, 0.2720000147819519, 0.656000018119812, 0.24000000953674316, 0.08000000566244125, 0.0, 0.06400000303983688, 0.20800000429153442, 0.8640000224113464, 0.2240000069141388, 0.1600000113248825, 0.1600000113248825, 0.12800000607967377, 0.0, 0.0, 0.03200000151991844, 0.09600000083446503, 0.0, 1.184000015258789, 0.0, 0.0, 0.0, 0.0, 0.0, 0.0, 0.0, 0.0, 0.0, 0.0, 0.0, 0.0, 0.0, 0.0, 0.0, 0.0, 0.0, 0.0, 0.0, 0.0, 0.0, 0.0, 0.0, 0.0, 0.0, 0.0, 0.0, 0.0, 0.0, 0.0, 0.0, 0.0, 0.0, 0.0, 0.0, 0.0, 0.0, 0.0, 0.0, 0.0, 0.0, 0.0, 0.0, 0.0, 0.0, 0.0, 0.0, 0.0, 0.0, 0.0, 0.0, 0.0, 0.0, 0.0, 0.0, 0.0, 0.0, 0.0, 0.0, 0.0, 0.0, 0.0, 0.0, 0.0, 0.0, 0.0, 0.0, 0.0, 0.0, 0.0, 0.0, 0.0, 0.0, 0.0, 0.0, 0.0, 0.0, 0.0, 0.0, 0.0, 0.0, 0.0, 0.0]

Device/SubDeviceList/LFoot/FSR/CenterOfPressure/X/Sensor/Value = [0.008659036830067635, -0.030249997973442078, -0.030250001698732376, -0.029774637892842293, -0.030098246410489082, 0.03314262256026268, 0.0545271597802639, 0.04545380547642708, -0.030249999836087227, -0.030249999836087227, 0.0, -0.029991382732987404, 0.02625797688961029, 0.051484547555446625, 0.04631100594997406, -0.009195823222398758, -0.030249999836087227, 0.0, -0.030249999836087227, 0.0, 0.036623235791921616, 0.048790257424116135, 0.029761021956801414, -0.0017364670056849718, -0.030249999836087227, 0.0, -0.030249999836087227, -0.030249999836087227, 0.06769417971372604, 0.07021556794643402, 0.04696788638830185, 0.043678972870111465, -0.030249999836087227, 0.0, -0.030249999836087227, 0.0, 0.06377611309289932, 0.049770284444093704, 0.026156360283493996, 0.001876320457085967, 0.039400096982717514, 0.06981543451547623, 0.06473396718502045, 0.0, -0.030249999836087227, 0.0, 0.0, 0.0, -0.030250001698732376, -0.030249999836087227, -0.030249999836087227, -0.030249999836087227, -0.030249999836087227, -0.030249997973442078, -0.030250001698732376, -0.030250001698732376, -0.030249999836087227, -0.030249999836087227, -0.030249999836087227, -0.030250001698732376, -0.030250001698732376, -0.030250001698732376, -0.030249999836087227, -0.030249999836087227, -0.030249997973442078, -0.030249999836087227, -0.030249999836087227, -0.030250001698732376, -0.030249999836087227, -0.030250001698732376, -0.030249997973442078, -0.030249999836087227, -0.030249997973442078, -0.030249999836087227, -0.030249999836087227, -0.030250001698732376, -0.030250001698732376, -0.030249999836087227, -0.030249999836087227, -0.030249999836087227, -0.030249999836087227, -0.030249999836087227, -0.030249999836087227, -0.030249999836087227, -0.030249999836087227, -0.030249999836087227, -0.030249999836087227, -0.030249999836087227, -0.030249999836087227, -0.030249999836087227, -0.030250001698732376, -0.030249997973442078, -0.030249999836087227, -0.030250001698732376, -0.030249999836087227, -0.030250001698732376, -0.030249999836087227, -0.030249999836087227, -0.030249999836087227, -0.030249997973442078, -0.030249999836087227, -0.030249999836087227, -0.030249997973442078, -0.030249999836087227, -0.030250001698732376, -0.030249997973442078, -0.030249999836087227, -0.030249999836087227, -0.030249999836087227, -0.030249999836087227, -0.030249997973442078, -0.030249999836087227, -0.030249997973442078, -0.030250001698732376, -0.030249999836087227, -0.030249999836087227, -0.030249999836087227, -0.030249999836087227, -0.030249999836087227, -0.030249999836087227, -0.030249999836087227, -0.030249999836087227, -0.030249999836087227, -0.030249997973442078, -0.030249999836087227, -0.030249999836087227, -0.030249997973442078]

Device/SubDeviceList/RAnkleRoll/ElectricCurrent/Sensor/Value = [0.25600001215934753, 0.0, 0.1120000034570694, 0.25600001215934753, 0.0, 0.0, 0.19200000166893005, 0.0, 0.0, 0.2880000174045563, 0.09600000083446503, 0.0, 0.01600000075995922, 0.0, 0.03200000151991844, 0.0, 0.4960000216960907, 0.0, 0.09600000083446503, 0.0, 0.0, 0.0, 0.08000000566244125, 0.0, 0.0, 0.8640000224113464, 0.46400001645088196, 0.08000000566244125, 0.04800000041723251, 0.06400000303983688, 0.0, 0.17600001394748688, 0.14400000870227814, 0.7680000066757202, 0.6720000505447388, 0.1600000113248825, 0.04800000041723251, 0.5600000023841858, 0.0, 0.03200000151991844, 0.0, 0.0, 0.0, 0.0, 0.0, 0.0, 0.0, 0.0, 0.0, 0.0, 0.0, 0.0, 0.0, 0.0, 0.0, 0.0, 0.0, 0.0, 0.0, 0.0, 0.0, 0.0, 0.0, 0.0, 0.0, 0.0, 0.0, 0.0, 0.0, 0.0, 0.0, 0.0, 0.0, 0.0, 0.0, 0.0, 0.0, 0.0, 0.0, 0.0, 0.0, 0.0, 0.0, 0.0, 0.0, 0.0, 0.0, 0.0, 0.0, 0.0, 0.0, 0.0, 0.0, 0.0, 0.0, 0.0, 0.0, 0.0, 0.0, 0.0, 0.0, 0.0, 0.0, 0.0, 0.0, 0.0, 0.0, 0.0, 0.0, 0.0, 0.0, 0.0, 0.0, 0.0, 0.0, 0.0, 0.0, 0.0, 0.0, 0.0, 0.0, 0.0, 0.0, 0.0, 0.0, 0.0, 0.0]

Device/SubDeviceList/RFoot/FSR/TotalWeight/Sensor/Value = [1.107574462890625, 1.1602643728256226, 2.0415618419647217, 1.7010209560394287, 0.287444531917572, 0.011723531410098076, 0.017205268144607544, 0.2313864529132843, 2.356754779815674, 2.126194953918457, 1.3545622825622559, 1.4031025171279907, 0.01954268291592598, 0.003966202959418297, 0.0055483500473201275, 0.5733469724655151, 1.1306354999542236, 0.9558661580085754, 1.2763757705688477, 1.7666633129119873, 0.01591457426548004, 0.005726398900151253, 0.0, 0.00882453378289938, 1.038112759590149, 3.0791306495666504, 3.1178224086761475, 1.714065432548523, 0.026173535734415054, 0.009762175381183624, 0.0063082086853682995, 0.008360302075743675, 0.5713551044464111, 2.2249839305877686, 3.831465005874634, 3.2771825790405273, 0.013639726676046848, 0.011578202247619629, 0.009338716976344585, 0.007899092510342598, 0.008917748928070068, 1.0356059074401855, 0.01284750271588564, 3.005699634552002, 0.00568184582516551, 0.009620740078389645, 0.011772042140364647, 0.007167351432144642, 0.0, 0.0, 0.0, 0.0, 0.0, 0.0, 0.0, 0.0, 0.0, 0.0, 0.0, 0.0, 0.0, 0.0, 0.0, 0.0, 0.0, 0.0, 0.0, 0.0, 0.0, 0.0, 0.0, 0.0, 0.0, 0.0, 0.0, 0.0, 0.0, 0.0, 0.0, 0.0, 0.0, 0.0, 0.0, 0.0, 0.0, 0.0, 0.0, 0.0, 0.0, 0.0, 0.0, 0.0, 0.0, 0.0, 0.0, 0.0, 0.0, 0.0, 0.0, 0.0, 0.0, 0.0, 0.0, 0.0, 0.0, 0.0, 0.0, 0.0, 0.0, 0.0, 0.0, 0.0, 0.0, 0.0, 0.0, 0.0, 0.0, 0.0, 0.0, 0.0, 0.0, 0.0, 0.0, 0.0, 0.0, 0.0, 0.0]

Device/SubDeviceList/RHipPitch/ElectricCurrent/Sensor/Value = [0.6240000128746033, 0.20800000429153442, 0.0, 0.0, 1.2480000257492065, 0.2720000147819519, 0.2720000147819519, 0.08000000566244125, 0.7040000557899475, 0.01600000075995922, 0.0, 0.0, 0.06400000303983688, 0.19200000166893005, 0.0, 0.2720000147819519, 0.03200000151991844, 0.0, 0.0, 0.0, 0.09600000083446503, 0.41600000858306885, 0.3360000252723694, 0.0, 0.25600001215934753, 0.0, 0.0, 0.0, 0.1600000113248825, 0.0, 0.0, 0.04800000041723251, 0.64000004529953, 0.0, 0.0, 0.0, 0.4000000059604645, 0.0, 0.1120000034570694, 0.0, 0.0, 0.8480000495910645, 0.0, 0.2720000147819519, 0.0, 0.0, 0.0, 0.0, 0.0, 0.0, 0.0, 0.0, 0.0, 0.0, 0.0, 0.0, 0.0, 0.0, 0.0, 0.0, 0.0, 0.0, 0.0, 0.0, 0.0, 0.0, 0.0, 0.0, 0.0, 0.0, 0.0, 0.0, 0.0, 0.0, 0.0, 0.0, 0.0, 0.0, 0.0, 0.0, 0.0, 0.0, 0.0, 0.0, 0.0, 0.0, 0.0, 0.0, 0.0, 0.0, 0.0, 0.0, 0.0, 0.0, 0.0, 0.0, 0.0, 0.0, 0.0, 0.0, 0.0, 0.0, 0.0, 0.0, 0.0, 0.0, 0.0, 0.0, 0.0, 0.0, 0.0, 0.0, 0.0, 0.0, 0.0, 0.0, 0.0, 0.0, 0.0, 0.0, 0.0, 0.0, 0.0, 0.0, 0.0, 0.0, 0.0]

Device/SubDeviceList/RFoot/FSR/CenterOfPressure/Y/Sensor/Value = [0.018877247348427773, -0.006952961906790733, 0.005601722747087479, -0.010735598392784595, 0.01548789907246828, -0.00997360423207283, -0.029900001361966133, 0.018765194341540337, 0.007935605943202972, -0.016231395304203033, -0.014971236698329449, -0.013745982199907303, -0.029899999499320984, -0.029899999499320984, -0.029899999499320984, 0.019067244604229927, -0.02600008435547352, -0.00025072923745028675, -0.02562708593904972, -0.029899999499320984, -0.029899999499320984, -0.029899997636675835, -0.029899999499320984, -0.029899999499320984, -0.029899997636675835, -0.029899997636675835, -0.029899999499320984, -0.007631334010511637, -0.029899999499320984, -0.029899997636675835, -0.029899999499320984, -0.029899999499320984, -0.029900001361966133, -0.029900001361966133, -0.029899997636675835, -0.029900001361966133, -0.029899999499320984, -0.029899999499320984, -0.029900001361966133, -0.029899997636675835, -0.029899999499320984, 0.021767176687717438, -0.029899999499320984, -0.029899997636675835, -0.029899999499320984, -0.029899999499320984, -0.029899999499320984, 0.0, 0.0, 0.0, 0.0, 0.0, 0.0, 0.0, 0.0, 0.0, 0.0, 0.0, 0.0, 0.0, 0.0, 0.0, 0.0, 0.0, 0.0, 0.0, 0.0, 0.0, 0.0, 0.0, 0.0, 0.0, 0.0, 0.0, 0.0, 0.0, 0.0, 0.0, 0.0, 0.0, 0.0, 0.0, 0.0, 0.0, 0.0, 0.0, 0.0, 0.0, 0.0, 0.0, 0.0, 0.0, 0.0, 0.0, 0.0, 0.0, 0.0, 0.0, 0.0, 0.0, 0.0, 0.0, 0.0, 0.0, 0.0, 0.0, 0.0, 0.0, 0.0, 0.0, 0.0, 0.0, 0.0, 0.0, 0.0, 0.0, 0.0, 0.0, 0.0, 0.0, 0.0, 0.0, 0.0, 0.0, 0.0, 0.0, 0.0]

Device/SubDeviceList/LAnklePitch/Position/Sensor/Value = [-0.8360719680786133, -0.714885950088501, -0.4188239574432373, -0.618243932723999, -0.7455658912658691, -0.7394299507141113, -0.828402042388916, -0.84527587890625, -0.8606162071228027, -0.6105740070343018, -0.4970579147338867, -0.7056820392608643, -0.7808480262756348, -0.7701098918914795, -0.8191978931427002, -0.8314700126647949, -0.8345379829406738, -0.5123980045318604, -0.5568840503692627, -0.7532360553741455, -0.7823820114135742, -0.771643877029419, -0.8176639080047607, -0.8238000869750977, -0.8069260120391846, -0.48325204849243164, -0.6535260677337646, -0.8038580417633057, -0.8376059532165527, -0.8376059532165527, -0.8882279396057129, -0.8836259841918945, -0.8238000869750977, -0.5062620639801025, -0.6213119029998779, -0.734827995300293, -0.7762460708618164, -0.7793140411376953, -0.8222661018371582, -0.8330039978027344, -0.8713541030883789, -0.8115279674530029, -0.885159969329834, -0.9710640907287598, -0.9772000312805176, -0.978734016418457, -0.9802680015563965, -0.9679961204528809, -0.9587922096252441, -0.961860179901123, -0.961860179901123, -0.961860179901123, -0.961860179901123, -0.961860179901123, -0.961860179901123, -0.961860179901123, -0.961860179901123, -0.961860179901123, -0.961860179901123, -0.961860179901123, -0.961860179901123, -0.961860179901123, -0.961860179901123, -0.961860179901123, -0.961860179901123, -0.961860179901123, -0.961860179901123, -0.961860179901123, -0.961860179901123, -0.961860179901123, -0.961860179901123, -0.961860179901123, -0.961860179901123, -0.961860179901123, -0.961860179901123, -0.961860179901123, -0.961860179901123, -0.961860179901123, -0.961860179901123, -0.961860179901123, -0.961860179901123, -0.961860179901123, -0.961860179901123, -0.961860179901123, -0.961860179901123, -0.961860179901123, -0.961860179901123, -0.961860179901123, -0.961860179901123, -0.961860179901123, -0.961860179901123, -0.961860179901123, -0.961860179901123, -0.961860179901123, -0.961860179901123, -0.961860179901123, -0.961860179901123, -0.961860179901123, -0.961860179901123, -0.961860179901123, -0.961860179901123, -0.961860179901123, -0.961860179901123, -0.961860179901123, -0.961860179901123, -0.961860179901123, -0.961860179901123, -0.961860179901123, -0.961860179901123, -0.961860179901123, -0.961860179901123, -0.961860179901123, -0.961860179901123, -0.961860179901123, -0.961860179901123, -0.961860179901123, -0.961860179901123, -0.961860179901123, -0.961860179901123, -0.961860179901123, -0.961860179901123, -0.961860179901123, -0.961860179901123, -0.961860179901123, -0.961860179901123, -0.961860179901123, -0.961860179901123]

Device/SubDeviceList/RAnklePitch/Position/Sensor/Value = [-0.5445280075073242, -0.5951499938964844, -0.6779861450195312, -0.7700259685516357, -0.7669579982757568, -0.41874003410339355, -0.3251659870147705, -0.5077121257781982, -0.5982179641723633, -0.6457719802856445, -0.7255401611328125, -0.8083760738372803, -0.7592880725860596, -0.4570901393890381, -0.3573801517486572, -0.5322561264038086, -0.610490083694458, -0.6657140254974365, -0.7654240131378174, -0.8252501487731934, -0.7286081314086914, -0.38652610778808594, -0.3589141368865967, -0.5353240966796875, -0.6028201580047607, -0.687190055847168, -0.8068420886993408, -0.8482601642608643, -0.7347440719604492, -0.4524879455566406, -0.516916036605835, -0.6795201301574707, -0.6703159809112549, -0.6933259963989258, -0.7792301177978516, -0.8267841339111328, -0.6795201301574707, -0.37885594367980957, -0.3819241523742676, -0.5276541709899902, -0.5629360675811768, -0.70713210105896, -0.8958139419555664, -0.894279956817627, -0.8712701797485352, -0.8666679859161377, -0.8636000156402588, -0.8605320453643799, -0.857464075088501, -0.8651340007781982, -0.8651340007781982, -0.8651340007781982, -0.8651340007781982, -0.8651340007781982, -0.8651340007781982, -0.8651340007781982, -0.8651340007781982, -0.8651340007781982, -0.8651340007781982, -0.8651340007781982, -0.8651340007781982, -0.8651340007781982, -0.8651340007781982, -0.8651340007781982, -0.8651340007781982, -0.8651340007781982, -0.8651340007781982, -0.8651340007781982, -0.8651340007781982, -0.8651340007781982, -0.8651340007781982, -0.8651340007781982, -0.8651340007781982, -0.8651340007781982, -0.8651340007781982, -0.8651340007781982, -0.8651340007781982, -0.8651340007781982, -0.8651340007781982, -0.8651340007781982, -0.8651340007781982, -0.8651340007781982, -0.8651340007781982, -0.8651340007781982, -0.8651340007781982, -0.8651340007781982, -0.8651340007781982, -0.8651340007781982, -0.8651340007781982, -0.8651340007781982, -0.8651340007781982, -0.8651340007781982, -0.8651340007781982, -0.8651340007781982, -0.8651340007781982, -0.8651340007781982, -0.8651340007781982, -0.8651340007781982, -0.8651340007781982, -0.8651340007781982, -0.8651340007781982, -0.8651340007781982, -0.8651340007781982, -0.8651340007781982, -0.8651340007781982, -0.8651340007781982, -0.8651340007781982, -0.8651340007781982, -0.8651340007781982, -0.8651340007781982, -0.8651340007781982, -0.8651340007781982, -0.8651340007781982, -0.8651340007781982, -0.8651340007781982, -0.8651340007781982, -0.8651340007781982, -0.8651340007781982, -0.8651340007781982, -0.8651340007781982, -0.8651340007781982, -0.8651340007781982, -0.8651340007781982, -0.8651340007781982, -0.8651340007781982, -0.8651340007781982, -0.8651340007781982]

Device/SubDeviceList/LFoot/FSR/CenterOfPressure/Y/Sensor/Value = [-0.020172568038105965, 0.029899999499320984, 0.029899999499320984, -0.008921314962208271, 0.01750670187175274, 0.029900001361966133, 0.020944083109498024, 0.029899999499320984, 0.029899999499320984, 0.0, 0.0, 0.008779763244092464, 0.022419748827815056, 0.015101340599358082, 0.02348608523607254, 0.02065005525946617, 0.029899999499320984, 0.029900001361966133, 0.0, 0.0, 0.014448722824454308, 0.02084522694349289, 0.028191616758704185, 0.029899999499320984, 0.029899999499320984, 0.0, 0.029899997636675835, 0.029899999499320984, -0.009535185061395168, 0.013313056901097298, 0.02482890710234642, 0.029899999499320984, 0.029899997636675835, 0.0, 0.029899997636675835, 0.0, 0.01637425646185875, 0.028823334723711014, 0.029899997636675835, 0.029900003224611282, 0.028489816933870316, 0.011180896311998367, -0.01686527580022812, 0.0, 0.029899999499320984, 0.029900001361966133, 0.0, 0.0, 0.029900001361966133, 0.029899999499320984, 0.029899999499320984, 0.029899999499320984, 0.029899999499320984, 0.029899999499320984, 0.029900001361966133, 0.029899999499320984, 0.029899999499320984, 0.029899999499320984, 0.029899999499320984, 0.029899997636675835, 0.029899999499320984, 0.029899999499320984, 0.029899999499320984, 0.029899999499320984, 0.029899999499320984, 0.029900001361966133, 0.029899999499320984, 0.029900001361966133, 0.029899997636675835, 0.029899999499320984, 0.029899999499320984, 0.029899999499320984, 0.029900001361966133, 0.029899999499320984, 0.029899999499320984, 0.029899999499320984, 0.029899999499320984, 0.029899999499320984, 0.029899999499320984, 0.029899999499320984, 0.029899999499320984, 0.029899997636675835, 0.029899999499320984, 0.029899999499320984, 0.029899999499320984, 0.029899999499320984, 0.029900001361966133, 0.029899997636675835, 0.029899999499320984, 0.029899999499320984, 0.029899999499320984, 0.029899999499320984, 0.029900001361966133, 0.029899999499320984, 0.029899999499320984, 0.029899999499320984, 0.029899999499320984, 0.029899999499320984, 0.029899999499320984, 0.029899999499320984, 0.029899999499320984, 0.029900001361966133, 0.029899999499320984, 0.029899999499320984, 0.029899997636675835, 0.029899997636675835, 0.029899999499320984, 0.029899999499320984, 0.029899999499320984, 0.029899997636675835, 0.029899999499320984, 0.029899999499320984, 0.029899999499320984, 0.029899999499320984, 0.029899997636675835, 0.029899999499320984, 0.029899999499320984, 0.029899999499320984, 0.029899999499320984, 0.029899999499320984, 0.029899999499320984, 0.029899999499320984, 0.029899999499320984, 0.029899997636675835, 0.029899999499320984, 0.029899997636675835, 0.029899999499320984]

Device/SubDeviceList/LAnkleRoll/ElectricCurrent/Sensor/Value = [0.0, 0.0, 0.1120000034570694, 0.0, 0.0, 0.30400002002716064, 0.320000022649765, 0.03200000151991844, 0.2240000069141388, 0.0, 0.19200000166893005, 0.01600000075995922, 0.0, 0.3360000252723694, 0.2880000174045563, 0.0, 0.09600000083446503, 0.01600000075995922, 0.06400000303983688, 0.0, 0.0, 0.17600001394748688, 0.6880000233650208, 0.04800000041723251, 1.840000033378601, 0.2720000147819519, 0.0, 0.6720000505447388, 0.19200000166893005, 0.17600001394748688, 0.5120000243186951, 0.17600001394748688, 0.8320000171661377, 0.0, 0.0, 0.2720000147819519, 0.0, 0.3360000252723694, 0.8320000171661377, 0.5120000243186951, 0.17600001394748688, 0.12800000607967377, 0.0, 0.0, 0.0, 0.0, 0.0, 0.0, 0.0, 0.0, 0.0, 0.0, 0.0, 0.0, 0.0, 0.0, 0.0, 0.0, 0.0, 0.0, 0.0, 0.0, 0.0, 0.0, 0.0, 0.0, 0.0, 0.0, 0.0, 0.0, 0.0, 0.0, 0.0, 0.0, 0.0, 0.0, 0.0, 0.0, 0.0, 0.0, 0.0, 0.0, 0.0, 0.0, 0.0, 0.0, 0.0, 0.0, 0.0, 0.0, 0.0, 0.0, 0.0, 0.0, 0.0, 0.0, 0.0, 0.0, 0.0, 0.0, 0.0, 0.0, 0.0, 0.0, 0.0, 0.0, 0.0, 0.0, 0.0, 0.0, 0.0, 0.0, 0.0, 0.0, 0.0, 0.0, 0.0, 0.0, 0.0, 0.0, 0.0, 0.0, 0.0, 0.0, 0.0, 0.0, 0.0]

Device/SubDeviceList/RKneePitch/Position/Sensor/Value = [0.9511218070983887, 0.8652181625366211, 0.8514120578765869, 0.7931199073791504, 0.7164199352264404, 0.9219760894775391, 0.8222661018371582, 0.9495878219604492, 0.9235100746154785, 0.84527587890625, 0.8437418937683105, 0.7240900993347168, 0.7946538925170898, 0.9235100746154785, 0.8437418937683105, 0.978734016418457, 0.9004998207092285, 0.8299360275268555, 0.8268680572509766, 0.6811380386352539, 0.8744220733642578, 0.9004998207092285, 0.8468098640441895, 0.9572582244873047, 0.8698201179504395, 0.8238000869750977, 0.828402042388916, 0.6458559036254883, 0.9189081192016602, 0.902033805847168, 0.9725980758666992, 1.035491943359375, 0.8912959098815918, 0.8560140132904053, 0.8406739234924316, 0.6719338893890381, 0.9097042083740234, 0.8728880882263184, 0.8652181625366211, 0.938849925994873, 0.8422079086303711, 0.8038580417633057, 0.6703999042510986, 0.46637797355651855, 0.4755818843841553, 0.4387660026550293, 0.42649388313293457, 0.43416404724121094, 0.4387660026550293, 0.447969913482666, 0.447969913482666, 0.447969913482666, 0.447969913482666, 0.447969913482666, 0.447969913482666, 0.447969913482666, 0.447969913482666, 0.447969913482666, 0.447969913482666, 0.447969913482666, 0.447969913482666, 0.447969913482666, 0.447969913482666, 0.447969913482666, 0.447969913482666, 0.447969913482666, 0.447969913482666, 0.447969913482666, 0.447969913482666, 0.447969913482666, 0.447969913482666, 0.447969913482666, 0.447969913482666, 0.447969913482666, 0.447969913482666, 0.447969913482666, 0.447969913482666, 0.447969913482666, 0.447969913482666, 0.447969913482666, 0.447969913482666, 0.447969913482666, 0.447969913482666, 0.447969913482666, 0.447969913482666, 0.447969913482666, 0.447969913482666, 0.447969913482666, 0.447969913482666, 0.447969913482666, 0.447969913482666, 0.447969913482666, 0.447969913482666, 0.447969913482666, 0.447969913482666, 0.447969913482666, 0.447969913482666, 0.447969913482666, 0.447969913482666, 0.447969913482666, 0.447969913482666, 0.447969913482666, 0.447969913482666, 0.447969913482666, 0.447969913482666, 0.447969913482666, 0.447969913482666, 0.447969913482666, 0.447969913482666, 0.447969913482666, 0.447969913482666, 0.447969913482666, 0.447969913482666, 0.447969913482666, 0.447969913482666, 0.447969913482666, 0.447969913482666, 0.447969913482666, 0.447969913482666, 0.447969913482666, 0.447969913482666, 0.447969913482666, 0.447969913482666, 0.447969913482666, 0.447969913482666, 0.447969913482666, 0.447969913482666]

Device/SubDeviceList/LAnklePitch/ElectricCurrent/Sensor/Value = [0.2240000069141388, 0.0, 0.0, 0.527999997138977, 0.8960000276565552, 0.3840000033378601, 0.4960000216960907, 0.6720000505447388, 0.0, 0.1120000034570694, 0.24000000953674316, 0.0, 1.7120001316070557, 0.6720000505447388, 0.2880000174045563, 0.19200000166893005, 0.12800000607967377, 0.0, 0.1600000113248825, 0.0, 1.7760001420974731, 0.6880000233650208, 0.46400001645088196, 0.2720000147819519, 0.0, 0.04800000041723251, 0.01600000075995922, 0.0, 1.840000033378601, 1.184000015258789, 0.800000011920929, 0.2880000174045563, 0.04800000041723251, 0.0, 0.17600001394748688, 0.0, 1.6320000886917114, 0.8160000443458557, 0.46400001645088196, 0.800000011920929, 1.7440000772476196, 1.8240001201629639, 1.568000078201294, 0.1600000113248825, 0.0, 0.0, 0.0, 0.0, 0.0, 0.0, 0.0, 0.0, 0.0, 0.0, 0.0, 0.0, 0.0, 0.0, 0.0, 0.0, 0.0, 0.0, 0.0, 0.0, 0.0, 0.0, 0.0, 0.0, 0.0, 0.0, 0.0, 0.0, 0.0, 0.0, 0.0, 0.0, 0.0, 0.0, 0.0, 0.0, 0.0, 0.0, 0.0, 0.0, 0.0, 0.0, 0.0, 0.0, 0.0, 0.0, 0.0, 0.0, 0.0, 0.0, 0.0, 0.0, 0.0, 0.0, 0.0, 0.0, 0.0, 0.0, 0.0, 0.0, 0.0, 0.0, 0.0, 0.0, 0.0, 0.0, 0.0, 0.0, 0.0, 0.0, 0.0, 0.0, 0.0, 0.0, 0.0, 0.0, 0.0, 0.0, 0.0, 0.0, 0.0, 0.0, 0.0]

Device/SubDeviceList/LHipYawPitch/ElectricCurrent/Sensor/Value = [0.4000000059604645, 0.24000000953674316, 0.17600001394748688, 0.41600000858306885, 0.14400000870227814, 0.09600000083446503, 0.0, 0.03200000151991844, 0.2880000174045563, 0.0, 0.2880000174045563, 0.30400002002716064, 0.4000000059604645, 0.09600000083446503, 0.3360000252723694, 0.25600001215934753, 0.2880000174045563, 0.0, 0.3360000252723694, 0.09600000083446503, 0.14400000870227814, 0.5120000243186951, 0.5600000023841858, 0.06400000303983688, 0.24000000953674316, 0.0, 0.2880000174045563, 0.0, 0.19200000166893005, 0.0, 0.0, 0.14400000870227814, 0.2880000174045563, 0.06400000303983688, 0.3680000305175781, 0.20800000429153442, 0.19200000166893005, 0.06400000303983688, 0.0, 0.04800000041723251, 0.0, 0.4000000059604645, 0.20800000429153442, 0.03200000151991844, 0.17600001394748688, 0.5440000295639038, 0.0, 0.0, 0.0, 0.0, 0.0, 0.0, 0.0, 0.0, 0.0, 0.0, 0.0, 0.0, 0.0, 0.0, 0.0, 0.0, 0.0, 0.0, 0.0, 0.0, 0.0, 0.0, 0.0, 0.0, 0.0, 0.0, 0.0, 0.0, 0.0, 0.0, 0.0, 0.0, 0.0, 0.0, 0.0, 0.0, 0.0, 0.0, 0.0, 0.0, 0.0, 0.0, 0.0, 0.0, 0.0, 0.0, 0.0, 0.0, 0.0, 0.0, 0.0, 0.0, 0.0, 0.0, 0.0, 0.0, 0.0, 0.0, 0.0, 0.0, 0.0, 0.0, 0.0, 0.0, 0.0, 0.0, 0.0, 0.0, 0.0, 0.0, 0.0, 0.0, 0.0, 0.0, 0.0, 0.0, 0.0, 0.0, 0.0, 0.0, 0.0]

Device/SubDeviceList/RKneePitch/ElectricCurrent/Sensor/Value = [0.5760000348091125, 0.24000000953674316, 0.7360000610351562, 0.9120000600814819, 0.0, 0.01600000075995922, 0.2720000147819519, 0.0, 0.1600000113248825, 0.3840000033378601, 1.2480000257492065, 0.6880000233650208, 0.1120000034570694, 0.0, 0.20800000429153442, 0.1600000113248825, 0.7040000557899475, 0.19200000166893005, 1.0080000162124634, 0.24000000953674316, 0.14400000870227814, 0.0, 0.19200000166893005, 0.3840000033378601, 0.30400002002716064, 0.3680000305175781, 1.2480000257492065, 1.2160000801086426, 0.0, 0.0, 0.2880000174045563, 0.14400000870227814, 0.01600000075995922, 0.7520000338554382, 1.7920000553131104, 0.17600001394748688, 0.8800000548362732, 0.0, 0.0, 0.0, 0.0, 0.25600001215934753, 0.19200000166893005, 0.0, 0.0, 0.0, 0.0, 0.0, 0.0, 0.0, 0.0, 0.0, 0.0, 0.0, 0.0, 0.0, 0.0, 0.0, 0.0, 0.0, 0.0, 0.0, 0.0, 0.0, 0.0, 0.0, 0.0, 0.0, 0.0, 0.0, 0.0, 0.0, 0.0, 0.0, 0.0, 0.0, 0.0, 0.0, 0.0, 0.0, 0.0, 0.0, 0.0, 0.0, 0.0, 0.0, 0.0, 0.0, 0.0, 0.0, 0.0, 0.0, 0.0, 0.0, 0.0, 0.0, 0.0, 0.0, 0.0, 0.0, 0.0, 0.0, 0.0, 0.0, 0.0, 0.0, 0.0, 0.0, 0.0, 0.0, 0.0, 0.0, 0.0, 0.0, 0.0, 0.0, 0.0, 0.0, 0.0, 0.0, 0.0, 0.0, 0.0, 0.0, 0.0, 0.0, 0.0]

Device/SubDeviceList/InertialSensor/GyroscopeZ/Sensor/Value = [0.09054747968912125, -0.6327670812606812, 0.038615837693214417, 0.1113201379776001, -0.20559604465961456, 0.7049387693405151, -0.4090615510940552, -0.11984225362539291, -0.20266656577587128, -0.34700989723205566, 0.2588592767715454, -0.1595233529806137, -0.018642127513885498, 0.45726478099823, -0.45779740810394287, -0.08255799859762192, -0.2908172011375427, 0.5065332651138306, 0.32170987129211426, -0.14940333366394043, -0.11744540929794312, 0.3976099491119385, -0.5547364950180054, 0.004527374170720577, -0.2913498282432556, 0.09906959533691406, 0.49188587069511414, -0.4830974340438843, -0.04767058417201042, 1.133175015449524, -0.21172131597995758, -0.2063949853181839, -0.2833603322505951, 0.2798982262611389, 0.052996907383203506, -0.5534048676490784, 0.23089607059955597, 1.1289139986038208, 0.2269013226032257, 0.10839065909385681, -0.9957559704780579, -2.5137577056884766, -3.60512113571167, -1.7760621309280396, -0.42450788617134094, 3.249589204788208, -4.088218688964844, 1.2847089767456055, 0.8266451954841614, -0.05965480953454971, 0.052996907383203506, -0.003728425595909357, 0.003728425595909357, -0.000532632227987051, 0.003994741477072239, 0.0, 0.0023968450259417295, -0.0007989483419805765, -0.0013315805699676275, 0.0007989483419805765, 0.0, 0.0018642127979546785, 0.001597896683961153, 0.0002663161139935255, -0.0013315805699676275, 0.0, -0.001065264455974102, 0.000532632227987051, 0.001065264455974102, 0.001597896683961153, 0.0018642127979546785, -0.000532632227987051, -0.0002663161139935255, 0.002130528911948204, -0.0002663161139935255, 0.0, -0.001065264455974102, 0.0002663161139935255, -0.002130528911948204, -0.000532632227987051, -0.0013315805699676275, 0.0, 0.0, 0.0, 0.0, -0.001597896683961153, 0.000532632227987051, -0.003195793367922306, 0.002663161139935255, -0.002130528911948204, 0.001597896683961153, 0.001065264455974102, 0.0007989483419805765, -0.0013315805699676275, 0.0018642127979546785, 0.001065264455974102, -0.0002663161139935255, 0.0002663161139935255, -0.0018642127979546785, -0.0002663161139935255, -0.0018642127979546785, -0.001065264455974102, 0.0007989483419805765, 0.000532632227987051, 0.0013315805699676275, -0.0013315805699676275, -0.000532632227987051, 0.0007989483419805765, -0.001597896683961153, 0.0018642127979546785, -0.0007989483419805765, 0.0002663161139935255, 0.0007989483419805765, 0.0023968450259417295, 0.0013315805699676275, 0.0002663161139935255, 0.002663161139935255, -0.0007989483419805765, 0.001597896683961153, 0.0, 0.0018642127979546785, 0.0, -0.0002663161139935255, 0.000532632227987051, -0.001065264455974102, -0.0013315805699676275, -0.0007989483419805765]

Device/SubDeviceList/InertialSensor/AngleZ/Sensor/Value = [1.731864333152771, 1.7040609121322632, 1.713456630706787, 1.747779369354248, 1.7263036966323853, 1.8177672624588013, 1.7928401231765747, 1.7644613981246948, 1.750463843345642, 1.6988837718963623, 1.747779369354248, 1.7512308359146118, 1.7194007635116577, 1.7767332792282104, 1.7579420804977417, 1.702718734741211, 1.7004177570343018, 1.6789419651031494, 1.7090463638305664, 1.7113473415374756, 1.67587411403656, 1.750463843345642, 1.7228522300720215, 1.6591919660568237, 1.6645609140396118, 1.636757493019104, 1.6892963647842407, 1.7019517421722412, 1.6906386613845825, 1.8198765516281128, 1.842886209487915, 1.7596677541732788, 1.7529566287994385, 1.7096216678619385, 1.7552576065063477, 1.729755163192749, 1.723427414894104, 1.8626362085342407, 1.9356920719146729, 1.9182430505752563, 1.90827214717865, 1.6304298639297485, 1.2471264600753784, 0.932468593120575, 0.8590292930603027, 1.1464588642120361, 1.1397477388381958, 1.223541498184204, 1.3504784107208252, 1.3794323205947876, 1.3727210760116577, 1.3723375797271729, 1.3723375797271729, 1.37252938747406, 1.3727210760116577, 1.3727210760116577, 1.372912883758545, 1.372912883758545, 1.3727210760116577, 1.3727210760116577, 1.372912883758545, 1.3727210760116577, 1.372912883758545, 1.372912883758545, 1.372912883758545, 1.3731045722961426, 1.3731045722961426, 1.3731045722961426, 1.3732963800430298, 1.3734880685806274, 1.3734880685806274, 1.3734880685806274, 1.3734880685806274, 1.3736798763275146, 1.3736798763275146, 1.3736798763275146, 1.3736798763275146, 1.3736798763275146, 1.3734880685806274, 1.3734880685806274, 1.3732963800430298, 1.3732963800430298, 1.3734880685806274, 1.3734880685806274, 1.3734880685806274, 1.3734880685806274, 1.3734880685806274, 1.3734880685806274, 1.3734880685806274, 1.3734880685806274, 1.3734880685806274, 1.3736798763275146, 1.3736798763275146, 1.3736798763275146, 1.3736798763275146, 1.3738715648651123, 1.3738715648651123, 1.3736798763275146, 1.3736798763275146, 1.3736798763275146, 1.3734880685806274, 1.3732963800430298, 1.3732963800430298, 1.3731045722961426, 1.3731045722961426, 1.3732963800430298, 1.3732963800430298, 1.3732963800430298, 1.3732963800430298, 1.3734880685806274, 1.3734880685806274, 1.3734880685806274, 1.3734880685806274, 1.3736798763275146, 1.3736798763275146, 1.3736798763275146, 1.3738715648651123, 1.3738715648651123, 1.3738715648651123, 1.3740633726119995, 1.3742550611495972, 1.3742550611495972, 1.3742550611495972, 1.3742550611495972, 1.3742550611495972, 1.3742550611495972, 1.3740633726119995]

Device/SubDeviceList/InertialSensor/AccelerometerY/Sensor/Value = [-1.925595760345459, -1.197509765625, -0.32572266459465027, -0.5173242688179016, -1.2549903392791748, -3.860771656036377, -2.5674610137939453, -4.272715091705322, -1.9639160633087158, 0.9005273580551147, 0.1245410218834877, 1.7148340940475464, -2.2417383193969727, -3.2093262672424316, -3.3147072792053223, -2.701582193374634, 0.670605480670929, -0.6610254049301147, 1.0154882669448853, 1.9830762147903442, -4.061953067779541, -3.870351791381836, -2.7399024963378906, -4.014052867889404, -1.207089900970459, 0.8813672065734863, 2.14593768119812, 3.0368847846984863, -2.0118165016174316, -3.1997461318969727, -2.9889845848083496, -4.119433879852295, 1.542392611503601, 1.590293049812317, 2.0213966369628906, -0.28740236163139343, -2.38543963432312, -3.113525629043579, -3.7649707794189453, -5.134922027587891, -7.893984794616699, -4.387675762176514, -2.3087990283966064, 4.31103515625, 9.666298866271973, 8.555009841918945, 5.652246475219727, 3.5446290969848633, 3.630849838256836, 5.326523780822754, 4.416416168212891, 4.464316368103027, 4.368515968322754, 4.454736709594727, 4.416416168212891, 4.42599630355835, 4.416416168212891, 4.406836032867432, 4.454736709594727, 4.445156574249268, 4.416416168212891, 4.42599630355835, 4.416416168212891, 4.454736709594727, 4.42599630355835, 4.406836032867432, 4.435576438903809, 4.454736709594727, 4.42599630355835, 4.445156574249268, 4.42599630355835, 4.42599630355835, 4.42599630355835, 4.435576438903809, 4.397255897521973, 4.416416168212891, 4.406836032867432, 4.445156574249268, 4.406836032867432, 4.42599630355835, 4.397255897521973, 4.42599630355835, 4.416416168212891, 4.416416168212891, 4.416416168212891, 4.397255897521973, 4.42599630355835, 4.435576438903809, 4.406836032867432, 4.406836032867432, 4.42599630355835, 4.42599630355835, 4.406836032867432, 4.416416168212891, 4.435576438903809, 4.42599630355835, 4.406836032867432, 4.42599630355835, 4.454736709594727, 4.445156574249268, 4.416416168212891, 4.454736709594727, 4.42599630355835, 4.416416168212891, 4.416416168212891, 4.42599630355835, 4.406836032867432, 4.42599630355835, 4.416416168212891, 4.406836032867432, 4.42599630355835, 4.416416168212891, 4.416416168212891, 4.454736709594727, 4.454736709594727, 4.416416168212891, 4.378096103668213, 4.435576438903809, 4.42599630355835, 4.406836032867432, 4.435576438903809, 4.416416168212891, 4.406836032867432, 4.435576438903809, 4.435576438903809, 4.416416168212891, 4.387675762176514]

Device/SubDeviceList/RAnkleRoll/Position/Sensor/Value = [-0.14262008666992188, -0.1779019832611084, -0.1518239974975586, -0.02603602409362793, 0.09514999389648438, 0.10895586013793945, 0.06293606758117676, -0.08739614486694336, -0.16409611701965332, -0.2009119987487793, -0.17176604270935059, -0.0030260086059570312, 0.07980990409851074, 0.09975194931030273, 0.05066394805908203, -0.11500811576843262, -0.2070479393005371, -0.23772811889648438, -0.21011614799499512, -0.03063797950744629, 0.04606199264526367, 0.07827591896057129, 0.02611994743347168, -0.14262008666992188, -0.25, -0.2852821350097656, -0.20858192443847656, -0.09813404083251953, -0.004559993743896484, 0.02611994743347168, -0.05824995040893555, -0.15029001235961914, -0.230057954788208, -0.22852396965026855, -0.13801813125610352, 0.0061779022216796875, 0.07674193382263184, 0.09975194931030273, 0.05373191833496094, -0.08125996589660645, -0.14415407180786133, -0.1058039665222168, -0.06592011451721191, 0.0353238582611084, 0.02611994743347168, 0.024585962295532227, 0.02611994743347168, 0.06447005271911621, 0.05373191833496094, 0.0583338737487793, 0.0583338737487793, 0.0583338737487793, 0.0583338737487793, 0.0583338737487793, 0.0583338737487793, 0.0583338737487793, 0.0583338737487793, 0.0583338737487793, 0.0583338737487793, 0.0583338737487793, 0.0583338737487793, 0.0583338737487793, 0.0583338737487793, 0.0583338737487793, 0.0583338737487793, 0.0583338737487793, 0.0583338737487793, 0.0583338737487793, 0.0583338737487793, 0.0583338737487793, 0.0583338737487793, 0.0583338737487793, 0.0583338737487793, 0.0583338737487793, 0.0583338737487793, 0.0583338737487793, 0.0583338737487793, 0.0583338737487793, 0.0583338737487793, 0.0583338737487793, 0.0583338737487793, 0.0583338737487793, 0.0583338737487793, 0.0583338737487793, 0.0583338737487793, 0.0583338737487793, 0.0583338737487793, 0.0583338737487793, 0.0583338737487793, 0.0583338737487793, 0.0583338737487793, 0.0583338737487793, 0.0583338737487793, 0.0583338737487793, 0.0583338737487793, 0.0583338737487793, 0.0583338737487793, 0.0583338737487793, 0.0583338737487793, 0.0583338737487793, 0.0583338737487793, 0.0583338737487793, 0.0583338737487793, 0.0583338737487793, 0.0583338737487793, 0.0583338737487793, 0.0583338737487793, 0.0583338737487793, 0.0583338737487793, 0.0583338737487793, 0.0583338737487793, 0.0583338737487793, 0.0583338737487793, 0.0583338737487793, 0.0583338737487793, 0.0583338737487793, 0.0583338737487793, 0.0583338737487793, 0.0583338737487793, 0.0583338737487793, 0.0583338737487793, 0.0583338737487793, 0.0583338737487793, 0.0583338737487793, 0.0583338737487793, 0.0583338737487793, 0.0583338737487793]

Device/SubDeviceList/RAnklePitch/ElectricCurrent/Sensor/Value = [0.12800000607967377, 0.64000004529953, 0.4000000059604645, 0.0, 0.0, 0.3360000252723694, 0.0, 0.0, 0.5600000023841858, 0.8480000495910645, 0.0, 0.7680000066757202, 0.0, 0.09600000083446503, 0.0, 0.1120000034570694, 0.9920000433921814, 0.800000011920929, 0.5120000243186951, 0.8960000276565552, 0.0, 0.0, 0.0, 0.527999997138977, 0.656000018119812, 0.527999997138977, 0.41600000858306885, 0.7040000557899475, 0.03200000151991844, 0.0, 0.12800000607967377, 0.4320000112056732, 1.6640000343322754, 0.7040000557899475, 0.0, 0.8800000548362732, 0.0, 0.0, 0.08000000566244125, 0.06400000303983688, 0.0, 0.0, 0.5600000023841858, 0.4960000216960907, 0.0, 0.0, 0.0, 0.0, 0.0, 0.0, 0.0, 0.0, 0.0, 0.0, 0.0, 0.0, 0.0, 0.0, 0.0, 0.0, 0.0, 0.0, 0.0, 0.0, 0.0, 0.0, 0.0, 0.0, 0.0, 0.0, 0.0, 0.0, 0.0, 0.0, 0.0, 0.0, 0.0, 0.0, 0.0, 0.0, 0.0, 0.0, 0.0, 0.0, 0.0, 0.0, 0.0, 0.0, 0.0, 0.0, 0.0, 0.0, 0.0, 0.0, 0.0, 0.0, 0.0, 0.0, 0.0, 0.0, 0.0, 0.0, 0.0, 0.0, 0.0, 0.0, 0.0, 0.0, 0.0, 0.0, 0.0, 0.0, 0.0, 0.0, 0.0, 0.0, 0.0, 0.0, 0.0, 0.0, 0.0, 0.0, 0.0, 0.0, 0.0, 0.0, 0.0]

Device/SubDeviceList/InertialSensor/AccelerometerX/Sensor/Value = [-0.670605480670929, 4.253554821014404, -0.3736230731010437, -2.9889845848083496, -2.39501953125, -0.44068360328674316, -0.7376660704612732, -1.0154882669448853, -0.670605480670929, 0.6993457078933716, -1.580712914466858, -3.3051271438598633, 0.6418652534484863, 2.7399024963378906, -0.6131250262260437, -2.9506642818450928, 1.6765137910842896, 0.09580078721046448, -0.14370118081569672, -2.8261232376098633, -0.16286133229732513, 2.921923875808716, -0.7472461462020874, -0.6418652534484863, 2.7590625286102295, 0.1341211050748825, -2.2417383193969727, -2.7878029346466064, -1.1208691596984863, 0.6897656321525574, -0.5748047232627869, -1.5711328983306885, 2.845283269882202, 1.0442285537719727, -2.883603572845459, -3.094365358352661, -0.3448828160762787, 2.0692970752716064, -0.8047266006469727, -1.8776954412460327, -3.161425828933716, 4.473896503448486, 5.14450216293335, 5.910908222198486, 1.590293049812317, 13.316308975219727, 2.615361452102661, 3.7074904441833496, 8.564590454101562, 9.455537796020508, 8.928632736206055, 8.899892807006836, 8.899892807006836, 8.899892807006836, 8.899892807006836, 8.8519926071167, 8.899892807006836, 8.919053077697754, 8.899892807006836, 8.919053077697754, 8.899892807006836, 8.899892807006836, 8.899892807006836, 8.899892807006836, 8.919053077697754, 8.909473419189453, 8.890313148498535, 8.919053077697754, 8.899892807006836, 8.919053077697754, 8.899892807006836, 8.899892807006836, 8.938213348388672, 8.890313148498535, 8.938213348388672, 8.919053077697754, 8.909473419189453, 8.899892807006836, 8.899892807006836, 8.899892807006836, 8.919053077697754, 8.909473419189453, 8.899892807006836, 8.919053077697754, 8.909473419189453, 8.909473419189453, 8.899892807006836, 8.909473419189453, 8.909473419189453, 8.909473419189453, 8.909473419189453, 8.899892807006836, 8.947793006896973, 8.919053077697754, 8.871152877807617, 8.909473419189453, 8.899892807006836, 8.909473419189453, 8.899892807006836, 8.909473419189453, 8.909473419189453, 8.899892807006836, 8.928632736206055, 8.909473419189453, 8.928632736206055, 8.909473419189453, 8.909473419189453, 8.899892807006836, 8.919053077697754, 8.899892807006836, 8.871152877807617, 8.938213348388672, 8.899892807006836, 8.919053077697754, 8.909473419189453, 8.871152877807617, 8.909473419189453, 8.880732536315918, 8.909473419189453, 8.909473419189453, 8.909473419189453, 8.909473419189453, 8.871152877807617, 8.899892807006836, 8.899892807006836, 8.8519926071167, 8.899892807006836]

Device/SubDeviceList/InertialSensor/GyroscopeY/Sensor/Value = [-0.08468852192163467, 0.4205131530761719, -0.15126755833625793, -0.391218364238739, 0.17283916473388672, 0.7486146092414856, -0.06444849818944931, -0.6274407505989075, 0.18429075181484222, -0.044741109013557434, -0.4729774296283722, -0.22849921882152557, 0.53423011302948, 0.4362258017063141, -0.7145261168479919, -0.4692489802837372, 0.4277036786079407, 0.04420847445726395, -0.23622238636016846, -0.51292484998703, 0.7177219390869141, 0.08894958347082138, -0.7917578220367432, -0.17470337450504303, 0.6463491916656494, -0.03621899336576462, -0.4183826148509979, 0.03808320313692093, 1.346760630607605, -0.10066749155521393, -0.6351639032363892, -0.3699130713939667, 0.7731156945228577, -0.6831008195877075, -0.7091997861862183, 0.054861120879650116, 1.7001620531082153, -0.2202434241771698, -0.6226470470428467, -0.449008971452713, 0.31798145174980164, 2.2362563610076904, -0.2924150824546814, -1.7888453006744385, 2.343315601348877, 1.8969696760177612, 3.67383074760437, -0.24474450945854187, 0.4878911077976227, -0.05805691331624985, 0.004527374170720577, -0.001065264455974102, 0.0, 0.000532632227987051, -0.001065264455974102, 0.0034621094819158316, -0.0013315805699676275, 0.000532632227987051, 0.000532632227987051, -0.001065264455974102, 0.0007989483419805765, -0.0013315805699676275, 0.002663161139935255, -0.001065264455974102, -0.001597896683961153, -0.001597896683961153, -0.004261057823896408, -0.0018642127979546785, 0.0, 0.005592638626694679, 0.002663161139935255, 0.001065264455974102, 0.001065264455974102, -0.0002663161139935255, 0.003728425595909357, 0.004261057823896408, -0.002663161139935255, 0.0034621094819158316, 0.0013315805699676275, -0.002130528911948204, -0.0023968450259417295, -0.002130528911948204, 0.000532632227987051, 0.0013315805699676275, 0.002130528911948204, 0.0, 0.002663161139935255, 0.0002663161139935255, 0.001065264455974102, -0.0023968450259417295, 0.0, -0.0007989483419805765, -0.0023968450259417295, -0.001065264455974102, 0.0002663161139935255, -0.001065264455974102, -0.003195793367922306, -0.000532632227987051, -0.0002663161139935255, -0.002130528911948204, -0.004261057823896408, -0.0013315805699676275, 0.0002663161139935255, -0.002663161139935255, 0.0029294772539287806, 0.0002663161139935255, 0.004261057823896408, 0.0007989483419805765, 0.0, 0.0023968450259417295, 0.000532632227987051, -0.004261057823896408, -0.001065264455974102, 0.0023968450259417295, -0.0007989483419805765, -0.001597896683961153, -0.0007989483419805765, 0.0007989483419805765, -0.001597896683961153, -0.0018642127979546785, -0.000532632227987051, 0.0007989483419805765, 0.0, 0.0018642127979546785, -0.001065264455974102, -0.003195793367922306, 0.0]

Device/SubDeviceList/RHipRoll/Position/Sensor/Value = [0.2316758632659912, 0.2485499382019043, 0.24088001251220703, 0.21940398216247559, 0.0614018440246582, -0.0014920234680175781, 0.019984006881713867, 0.1043539047241211, 0.23014187812805176, 0.2546858787536621, 0.2516179084777832, 0.19332599639892578, 0.06293606758117676, 0.009245872497558594, 0.024585962295532227, 0.13503408432006836, 0.23474407196044922, 0.2746279239654541, 0.28996801376342773, 0.22093796730041504, 0.10128593444824219, 0.0353238582611084, 0.04146003723144531, 0.1795198917388916, 0.24701595306396484, 0.32218194007873535, 0.34825992584228516, 0.22400593757629395, 0.15190792083740234, 0.1043539047241211, 0.107421875, 0.22093796730041504, 0.27616190910339355, 0.2684919834136963, 0.2853660583496094, 0.16571402549743652, 0.07213997840881348, 0.03072190284729004, 0.03072190284729004, 0.1733839511871338, 0.16878199577331543, 0.21326804161071777, 0.1825878620147705, 0.12429594993591309, 0.06600403785705566, 0.033789873123168945, -0.05058002471923828, -0.06592011451721191, -0.08739614486694336, -0.08893013000488281, -0.08739614486694336, -0.08739614486694336, -0.08893013000488281, -0.08739614486694336, -0.08739614486694336, -0.08893013000488281, -0.08739614486694336, -0.08739614486694336, -0.08739614486694336, -0.08739614486694336, -0.08739614486694336, -0.08739614486694336, -0.08739614486694336, -0.08739614486694336, -0.08739614486694336, -0.08893013000488281, -0.08739614486694336, -0.08739614486694336, -0.08739614486694336, -0.08739614486694336, -0.08739614486694336, -0.08739614486694336, -0.08739614486694336, -0.08893013000488281, -0.08739614486694336, -0.08893013000488281, -0.08739614486694336, -0.08739614486694336, -0.08739614486694336, -0.08739614486694336, -0.08739614486694336, -0.08739614486694336, -0.08739614486694336, -0.08739614486694336, -0.08739614486694336, -0.08739614486694336, -0.08739614486694336, -0.08739614486694336, -0.08893013000488281, -0.08893013000488281, -0.08739614486694336, -0.08739614486694336, -0.08739614486694336, -0.08739614486694336, -0.08739614486694336, -0.08893013000488281, -0.08739614486694336, -0.08739614486694336, -0.08893013000488281, -0.08893013000488281, -0.08739614486694336, -0.08739614486694336, -0.08739614486694336, -0.08739614486694336, -0.08739614486694336, -0.08739614486694336, -0.08739614486694336, -0.08739614486694336, -0.08739614486694336, -0.08739614486694336, -0.08739614486694336, -0.08739614486694336, -0.08739614486694336, -0.08739614486694336, -0.08739614486694336, -0.08739614486694336, -0.08893013000488281, -0.08893013000488281, -0.08893013000488281, -0.08739614486694336, -0.08739614486694336, -0.08739614486694336, -0.08739614486694336, -0.08893013000488281, -0.08739614486694336, -0.08739614486694336, -0.08739614486694336]

Device/SubDeviceList/InertialSensor/AccelerometerZ/Sensor/Value = [-9.723779678344727, -9.608819007873535, -9.426796913146973, -10.432705879211426, -9.465117454528809, -10.384804725646973, -9.359736442565918, -12.78940486907959, -10.997930526733398, -10.969189643859863, -10.5285062789917, -10.624306678771973, -13.335469245910645, -9.8100004196167, -10.15488338470459, -9.321416854858398, -12.6840238571167, -11.821816444396973, -11.448193550109863, -11.534414291381836, -16.046630859375, -7.99936580657959, -9.589658737182617, -8.8519926071167, -9.551338195800781, -10.691368103027344, -7.367080211639404, -8.765771865844727, -17.550703048706055, -9.43637752532959, -8.095166206359863, -8.58375072479248, -15.337705612182617, -13.958174705505371, -10.384804725646973, -9.43637752532959, -18.508710861206055, -8.698711395263672, -9.848320960998535, -8.689130783081055, -10.88296890258789, -8.899892807006836, -7.8173441886901855, -16.065792083740234, -19.61042022705078, -6.121670246124268, 2.615361452102661, 1.55197274684906, 2.2704787254333496, 1.7723145484924316, 0.4885840117931366, 0.4790039360523224, 0.53648442029953, 0.5173242688179016, 0.5460644960403442, 0.5173242688179016, 0.5077441334724426, 0.5173242688179016, 0.53648442029953, 0.53648442029953, 0.5077441334724426, 0.4981640875339508, 0.53648442029953, 0.5173242688179016, 0.5077441334724426, 0.5077441334724426, 0.53648442029953, 0.5077441334724426, 0.53648442029953, 0.5556445717811584, 0.53648442029953, 0.5460644960403442, 0.4885840117931366, 0.5173242688179016, 0.5460644960403442, 0.5269043445587158, 0.4790039360523224, 0.5077441334724426, 0.5077441334724426, 0.5269043445587158, 0.5173242688179016, 0.5556445717811584, 0.5077441334724426, 0.5269043445587158, 0.5556445717811584, 0.5173242688179016, 0.4885840117931366, 0.5460644960403442, 0.5077441334724426, 0.5460644960403442, 0.5269043445587158, 0.5173242688179016, 0.5077441334724426, 0.5556445717811584, 0.5269043445587158, 0.5460644960403442, 0.5269043445587158, 0.5173242688179016, 0.4981640875339508, 0.53648442029953, 0.5077441334724426, 0.5269043445587158, 0.5652246475219727, 0.5269043445587158, 0.5460644960403442, 0.5173242688179016, 0.5556445717811584, 0.5269043445587158, 0.5077441334724426, 0.5269043445587158, 0.53648442029953, 0.53648442029953, 0.5652246475219727, 0.5269043445587158, 0.5269043445587158, 0.53648442029953, 0.5077441334724426, 0.53648442029953, 0.5173242688179016, 0.53648442029953, 0.5269043445587158, 0.5077441334724426, 0.5077441334724426, 0.53648442029953, 0.5077441334724426, 0.53648442029953, 0.5077441334724426]

