
Description:
----------




Gait parameters:
----------

MaxStepX = 0.0636957432716
TorsoWy = -0.0956588975927
TorsoWx = 0.0545879578654
StepHeight = 0.0262978717526
Stiffness = 0.965957446809
MaxStepTheta = 0.0343573696297
MaxStepY = 0.13087659567
MaxStepFrequency = 0.329787234043


Stats:
----------

average_speed = 0.111736960135
final_displacement = 1.68434250438
elapsed_time = 15.0741751194


Sensor values:
----------

times = [0.14621615409851074, 0.3749880790710449, 0.5007390975952148, 0.6216080188751221, 0.7479441165924072, 0.8789210319519043, 1.009505033493042, 1.1265020370483398, 1.244481086730957, 1.3847410678863525, 1.505742073059082, 1.6361229419708252, 1.763329029083252, 1.8865430355072021, 2.0174009799957275, 2.1369521617889404, 2.2583580017089844, 2.4071249961853027, 2.522451162338257, 2.6404130458831787, 2.7651591300964355, 2.8916561603546143, 3.0167441368103027, 3.1465351581573486, 3.2822861671447754, 3.401430130004883, 3.519428014755249, 3.6448190212249756, 3.7581961154937744, 3.8746681213378906, 3.9829249382019043, 4.098664999008179, 4.220025062561035, 4.340485095977783, 4.46622109413147, 4.595875024795532, 4.7354559898376465, 4.854249000549316, 4.977637052536011, 5.097219944000244, 5.217649936676025, 5.332826137542725, 5.451555967330933, 5.573627948760986, 5.686084032058716, 5.8110809326171875, 5.92646598815918, 6.056586980819702, 6.193151950836182, 6.314155101776123, 6.437298059463501, 6.556775093078613, 6.676331996917725, 6.797229051589966, 6.911783933639526, 7.034693002700806, 7.1523871421813965, 7.2726521492004395, 7.381078004837036, 7.513633966445923, 7.636608123779297, 7.765753984451294, 7.901577949523926, 8.032369136810303, 8.144582033157349, 8.266318082809448, 8.388635158538818, 8.519288063049316, 8.63945198059082, 8.77159309387207, 8.897436141967773, 9.025411128997803, 9.16630506515503, 9.286455154418945, 9.420056104660034, 9.536785125732422, 9.647814989089966, 9.771136999130249, 9.883898973464966, 9.999649047851562, 10.124119997024536, 10.241591930389404, 10.36084508895874, 10.49702000617981, 10.611462116241455, 10.728147983551025, 10.846261978149414, 10.964959144592285, 11.084465980529785, 11.194139957427979, 11.32065200805664, 11.436581134796143, 11.566601991653442, 11.689381122589111, 11.828290939331055, 11.940685987472534, 12.059668064117432, 12.204977035522461, 12.325166940689087, 12.447706937789917, 12.562160015106201, 12.678559064865112, 12.795424938201904, 12.911971092224121, 13.03510308265686, 13.146604061126709, 13.263626098632812, 13.38268494606018, 13.512864112854004, 13.626322984695435, 13.740549087524414, 13.864927053451538, 13.995085954666138, 14.11402702331543, 14.228978157043457, 14.355672121047974, 14.462357997894287, 14.595391988754272, 14.71508502960205, 14.848525047302246, 14.959612131118774, 15.074175119400024]

Device/SubDeviceList/LHipPitch/Position/Sensor/Value = [0.07827591896057129, 0.1595778465270996, -0.2822141647338867, -0.4632260799407959, -0.3941960334777832, -0.3251659870147705, -0.1487560272216797, -0.015298128128051758, 0.038392066955566406, 0.15190792083740234, 0.1764519214630127, -0.3451080322265625, -0.4540219306945801, -0.3849921226501465, -0.31749606132507324, -0.20858192443847656, -0.11807608604431152, -0.05824995040893555, 0.07980990409851074, 0.038392066955566406, -0.43561410903930664, -0.4724299907684326, -0.40646815299987793, -0.31442809104919434, -0.23312616348266602, -0.14722204208374023, -0.052114009857177734, 0.0844118595123291, 0.07674193382263184, -0.3328361511230469, -0.49390602111816406, -0.4172060489654541, -0.3512439727783203, -0.2668740749359131, -0.1809699535369873, -0.0858621597290039, 0.02611994743347168, 0.127363920211792, -0.32669997215270996, -0.4862360954284668, -0.4110701084136963, -0.34970998764038086, -0.2638061046600342, -0.15642595291137695, -0.0827939510345459, -0.007627964019775391, 0.15804386138916016, -0.14262008666992188, -0.4831681251525879, -0.41567206382751465, -0.36044812202453613, -0.28374814987182617, -0.19017410278320312, -0.11807608604431152, -0.03063797950744629, 0.12582993507385254, -0.06745409965515137, -0.44788599014282227, -0.4524879455566406, -0.3972640037536621, -0.3159620761871338, -0.21318411827087402, -0.1318819522857666, -0.05058002471923828, 0.10128593444824219, -0.04137611389160156, -0.46782803535461426, -0.4371480941772461, -0.37885594367980957, -0.29755401611328125, -0.19937801361083984, -0.11194014549255371, -0.015298128128051758, 0.1503739356994629, -0.16716408729553223, -0.47856616973876953, -0.41874003410339355, -0.3742539882659912, -0.309826135635376, -0.19631004333496094, -0.10733795166015625, -0.03984212875366211, 0.09975194931030273, -0.0030260086059570312, -0.43254613876342773, -0.477031946182251, -0.40953612327575684, -0.33437013626098633, -0.25460195541381836, -0.1840381622314453, -0.10120201110839844, 0.024585962295532227, 0.11509203910827637, -0.3251659870147705, -0.48777008056640625, -0.41567206382751465, -0.3282339572906494, -0.24079608917236328, -0.16256213188171387, -0.07512402534484863, 0.03992605209350586, 0.17031598091125488, -0.20244598388671875, -0.477031946182251, -0.41567206382751465, -0.36658406257629395, -0.29755401611328125, -0.19631004333496094, -0.11654210090637207, -0.03984212875366211, 0.08901405334472656, -0.09353208541870117, -0.477031946182251, -0.4371480941772461, -0.38959407806396484, -0.3220980167388916, -0.230057954788208, -0.14108610153198242, -0.047512054443359375, 0.07980990409851074, 0.033789873123168945, -0.39573001861572266]

Device/SubDeviceList/LHipYawPitch/Position/Sensor/Value = [0.0061779022216796875, 0.0031099319458007812, 0.0031099319458007812, 0.007711887359619141, 4.1961669921875e-05, 4.1961669921875e-05, -0.015298128128051758, -0.0030260086059570312, 0.0123138427734375, 0.0061779022216796875, 0.0061779022216796875, 4.1961669921875e-05, 0.007711887359619141, -0.0030260086059570312, 0.0031099319458007812, -0.01222991943359375, 0.0061779022216796875, 0.018450021743774414, 0.015382051467895508, -0.007627964019775391, -0.0030260086059570312, 0.0031099319458007812, 0.0015759468078613281, 0.004643917083740234, -0.01222991943359375, 0.004643917083740234, 0.010779857635498047, 0.010779857635498047, -0.009161949157714844, 4.1961669921875e-05, 0.0061779022216796875, 4.1961669921875e-05, 0.0031099319458007812, -0.015298128128051758, -0.004559993743896484, 0.010779857635498047, 0.007711887359619141, 0.007711887359619141, -0.0030260086059570312, 0.0061779022216796875, 0.0031099319458007812, 4.1961669921875e-05, -0.015298128128051758, -0.0060939788818359375, 0.013848066329956055, 0.0123138427734375, 0.0123138427734375, -0.01222991943359375, 0.004643917083740234, 4.1961669921875e-05, 4.1961669921875e-05, -0.010695934295654297, -0.0060939788818359375, 0.0061779022216796875, 0.013848066329956055, 0.013848066329956055, -0.015298128128051758, 0.0015759468078613281, 0.0031099319458007812, 4.1961669921875e-05, 0.0015759468078613281, -0.009161949157714844, 0.007711887359619141, 0.010779857635498047, 0.010779857635498047, -0.015298128128051758, 0.0015759468078613281, 0.0031099319458007812, 0.0015759468078613281, -0.0030260086059570312, -0.009161949157714844, 0.007711887359619141, 0.0061779022216796875, 0.007711887359619141, -0.01222991943359375, 0.0015759468078613281, 0.0015759468078613281, 4.1961669921875e-05, 0.0031099319458007812, -0.01222991943359375, 0.004643917083740234, 0.013848066329956055, 0.0123138427734375, -0.015298128128051758, -0.0014920234680175781, 0.004643917083740234, 4.1961669921875e-05, 0.0031099319458007812, -0.015298128128051758, -0.0014920234680175781, 0.009245872497558594, 0.010779857635498047, 0.007711887359619141, -0.0030260086059570312, 0.0061779022216796875, 0.0015759468078613281, 0.0031099319458007812, -0.01683211326599121, -0.0030260086059570312, 0.010779857635498047, 0.007711887359619141, 0.009245872497558594, -0.007627964019775391, 0.004643917083740234, 0.0031099319458007812, 0.0015759468078613281, -0.004559993743896484, -0.007627964019775391, 0.007711887359619141, 0.0061779022216796875, 0.009245872497558594, -0.015298128128051758, 4.1961669921875e-05, 0.004643917083740234, -0.0014920234680175781, 0.0015759468078613281, -0.013764142990112305, 4.1961669921875e-05, 0.013848066329956055, 0.0123138427734375, -0.007627964019775391, 4.1961669921875e-05]

Device/SubDeviceList/InertialSensor/GyroscopeX/Sensor/Value = [0.08735168725252151, 0.06551376730203629, 0.7257114052772522, 0.287621408700943, 0.021038973703980446, 0.028495823964476585, -0.4940163791179657, -0.6034722924232483, 0.3091930150985718, 0.1065264493227005, -0.06471481919288635, 0.4290352463722229, 0.09560748189687729, -0.06125270575284958, 0.029028456658124924, -0.5624596476554871, -0.34328147768974304, 0.2846919298171997, 0.4514058232307434, 0.055393751710653305, 0.15978966653347015, 0.01065264455974102, -0.14354439079761505, 0.09534116834402084, -0.24048344790935516, -0.31691616773605347, 0.1371528059244156, 0.26258769631385803, 0.046072687953710556, 0.391218364238739, -0.07989483326673508, -0.21438446640968323, -0.14966966211795807, -0.07909588515758514, -0.05086637660861015, 0.23968450725078583, 0.09960222989320755, -0.16298545897006989, 0.43116578459739685, 0.21678131818771362, -0.07669904083013535, -0.3134540617465973, -0.30972564220428467, -0.3358246088027954, -0.04820321500301361, 0.21997711062431335, 0.08495484292507172, 0.341683566570282, 0.29214876890182495, -0.09693906456232071, -0.4458131790161133, -0.27057716250419617, -0.5819007158279419, 0.10705907642841339, 0.2953445613384247, 0.22636869549751282, 0.19813919067382812, 0.14700649678707123, -0.0950748547911644, -0.23941819369792938, 0.09773801267147064, -0.2966761589050293, -0.01065264455974102, 0.3057309091091156, -0.05406217277050018, 0.10759171098470688, 0.2173139452934265, -0.059122178703546524, -0.3214435577392578, 0.05139901116490364, -0.235956072807312, 0.008788431994616985, 0.4229099750518799, -0.3688478171825409, 0.1360875368118286, 0.3699130713939667, -0.03834952041506767, -0.3070624768733978, 0.11531487852334976, -0.40586575865745544, -0.4295679032802582, 0.18668758869171143, 0.42930158972740173, 0.22397185862064362, 0.2676476836204529, -0.07723167538642883, -0.16538231074810028, 0.07084008306264877, -0.17550231516361237, -0.14913702011108398, 0.1733717918395996, 0.2852245569229126, -0.14354439079761505, 0.3491404354572296, -0.02316950261592865, -0.11318434774875641, -0.0487358495593071, -0.1227717250585556, -0.1390170156955719, 0.18508969247341156, 0.1648496687412262, -0.25832661986351013, 0.16511599719524384, 0.30360037088394165, -0.10785802453756332, -0.48762479424476624, -0.05938849225640297, -0.30892670154571533, 0.020506341010332108, 0.3731088638305664, -0.009587380103766918, 0.125168576836586, 0.21038973331451416, -0.008255799300968647, -0.2484729290008545, 0.009054748341441154, -0.3142530024051666, -0.2537992596626282, 0.2045307755470276, 0.2623213827610016, 0.05832323059439659, 0.2966761589050293]

Device/SubDeviceList/LKneePitch/ElectricCurrent/Sensor/Value = [0.9920000433921814, 0.0, 0.17600001394748688, 0.0, 0.19200000166893005, 0.24000000953674316, 0.0, 0.2880000174045563, 0.2240000069141388, 1.1680001020431519, 0.9440000653266907, 0.0, 0.08000000566244125, 0.01600000075995922, 0.48000001907348633, 0.5920000076293945, 0.6720000505447388, 0.784000039100647, 0.9440000653266907, 0.9440000653266907, 0.0, 0.0, 0.46400001645088196, 1.2320001125335693, 0.5440000295639038, 0.1600000113248825, 0.6240000128746033, 0.35200002789497375, 0.5600000023841858, 0.320000022649765, 0.1120000034570694, 0.0, 0.1120000034570694, 0.527999997138977, 0.527999997138977, 0.20800000429153442, 1.2160000801086426, 0.0, 0.09600000083446503, 0.0, 0.0, 0.30400002002716064, 0.06400000303983688, 0.7040000557899475, 0.3840000033378601, 0.8480000495910645, 0.2880000174045563, 0.0, 0.0, 0.2240000069141388, 0.0, 0.3840000033378601, 0.7520000338554382, 0.2240000069141388, 0.5120000243186951, 0.0, 0.46400001645088196, 0.0, 0.0, 0.0, 1.4880000352859497, 0.5760000348091125, 0.24000000953674316, 0.4960000216960907, 0.06400000303983688, 0.0, 0.3360000252723694, 0.0, 0.0, 1.0080000162124634, 0.5120000243186951, 0.25600001215934753, 0.7680000066757202, 0.0, 0.6880000233650208, 0.0, 0.19200000166893005, 0.14400000870227814, 1.152000069618225, 0.48000001907348633, 0.46400001645088196, 0.6240000128746033, 0.7360000610351562, 0.01600000075995922, 0.0, 0.0, 0.0, 0.3680000305175781, 0.9760000705718994, 0.3680000305175781, 0.2720000147819519, 0.4960000216960907, 0.0, 0.24000000953674316, 0.0, 0.0, 0.4320000112056732, 0.9600000381469727, 0.35200002789497375, 0.3360000252723694, 0.8640000224113464, 0.5920000076293945, 0.09600000083446503, 0.0, 0.0, 0.0, 1.1680001020431519, 0.6240000128746033, 0.24000000953674316, 0.4960000216960907, 0.7680000066757202, 0.09600000083446503, 0.0, 0.0, 0.0, 1.055999994277954, 0.41600000858306885, 0.320000022649765, 0.6720000505447388, 0.30400002002716064, 0.41600000858306885, 0.06400000303983688]

Device/SubDeviceList/LAnkleRoll/Position/Sensor/Value = [0.019984006881713867, -0.11961007118225098, -0.18557214736938477, -0.19170808792114258, -0.1058039665222168, 0.038392066955566406, 0.12276196479797363, 0.14577198028564453, 0.0614018440246582, -0.042910099029541016, -0.15029001235961914, -0.17330002784729004, -0.1548919677734375, -0.03523993492126465, 0.12582993507385254, 0.19792795181274414, 0.22093796730041504, 0.1565098762512207, -0.0014920234680175781, -0.10426998138427734, -0.1257460117340088, -0.07512402534484863, 0.06600403785705566, 0.21326804161071777, 0.2546858787536621, 0.24088001251220703, 0.14270401000976562, 0.0015759468078613281, -0.11040592193603516, -0.14108610153198242, -0.11347413063049316, -0.0060939788818359375, 0.12889790534973145, 0.2025299072265625, 0.19025802612304688, 0.0844118595123291, -0.03217196464538574, -0.14108610153198242, -0.18710613250732422, -0.16563010215759277, -0.09353208541870117, 0.04912996292114258, 0.17491793632507324, 0.2224719524383545, 0.20713186264038086, 0.09668397903442383, -0.056715965270996094, -0.1548919677734375, -0.1548919677734375, -0.09506607055664062, 0.06447005271911621, 0.18105387687683105, 0.2286078929901123, 0.21633601188659668, 0.11202406883239746, -0.047512054443359375, -0.1288139820098877, -0.14108610153198242, -0.07665801048278809, 0.042994022369384766, 0.17491793632507324, 0.21020007133483887, 0.17184996604919434, 0.05986785888671875, -0.06898808479309082, -0.1487560272216797, -0.14415407180786133, -0.06285214424133301, 0.06907200813293457, 0.18719005584716797, 0.2025299072265625, 0.13196587562561035, 0.015382051467895508, -0.10733795166015625, -0.18710613250732422, -0.1840381622314453, -0.13341593742370605, -0.010695934295654297, 0.13196587562561035, 0.2025299072265625, 0.22400593757629395, 0.16264605522155762, -0.022968053817749023, -0.11194014549255371, -0.1349501609802246, -0.09966802597045898, 0.029187917709350586, 0.16878199577331543, 0.22093796730041504, 0.21480202674865723, 0.1365680694580078, 0.018450021743774414, -0.11194014549255371, -0.14722204208374023, -0.1088719367980957, 4.1961669921875e-05, 0.16111207008361816, 0.21173405647277832, 0.1994619369506836, 0.11202406883239746, 0.004643917083740234, -0.10426998138427734, -0.16869807243347168, -0.14722204208374023, -0.08893013000488281, 0.06600403785705566, 0.16724801063537598, 0.19179201126098633, 0.14423799514770508, 0.04146003723144531, -0.08432793617248535, -0.17176604270935059, -0.17636799812316895, -0.12114405632019043, 0.0015759468078613281, 0.14270401000976562, 0.21326804161071777, 0.22400593757629395, 0.1334998607635498, 0.0031099319458007812, -0.11040592193603516, -0.13648414611816406]

displacement = [0.013328748325770117, 0.0149292107217597, 0.022982039504844162, 0.05430828788125242, 0.07647673581936633, 0.07786630943473871, 0.07863781894807775, 0.09919094374192056, 0.12670647038569108, 0.14071771225984508, 0.14171826064042786, 0.15424580445051023, 0.18429096173869314, 0.20380744064391398, 0.20549188328055684, 0.2070276095062668, 0.22797629393244165, 0.26856421472671466, 0.26701841525416586, 0.27200588353277405, 0.28313893491263087, 0.3122615101035056, 0.3332296742859906, 0.333301843575513, 0.33692887235416125, 0.36248533186895, 0.3899360277740341, 0.39496378059031273, 0.39777522448603214, 0.40907949889939005, 0.43461510134722486, 0.45567370599302054, 0.45941612477275207, 0.4581978965451421, 0.47768075691190204, 0.508074994933221, 0.5225112031877208, 0.5242481786510125, 0.5305881106695172, 0.5581968683550886, 0.5830429622369039, 0.5865754290909256, 0.5853880699307217, 0.601218923263907, 0.6277433300872585, 0.6551229245135898, 0.652103560043879, 0.6525977725823789, 0.6822001325408896, 0.7057218959778718, 0.7134447684385502, 0.7160656405929102, 0.7243628378701463, 0.7522780929818151, 0.7790784225100601, 0.778614954974324, 0.7775347204860755, 0.8015926609567792, 0.8234901697450825, 0.840731764368978, 0.8425950343414174, 0.8468240827098807, 0.8767702335102194, 0.9078500917964968, 0.9053540554773446, 0.904841161336724, 0.9266589827370028, 0.954526480963228, 0.9679716166601239, 0.9706952003568362, 0.9762383381926985, 1.00748447601519, 1.0341987160172559, 1.0333719707042688, 1.0344656846859093, 1.0588485808121004, 1.0847629485995105, 1.0945591450417753, 1.0981304117770343, 1.1006843352013598, 1.1259037148517976, 1.1554390439892759, 1.1589933203794385, 1.1582978960110946, 1.1784958490652102, 1.2059517708799576, 1.2244567435460387, 1.224109226300197, 1.2238388266798532, 1.2422648140318124, 1.2721954854049888, 1.2862910001730332, 1.289162514400661, 1.2959769558783216, 1.3283943198268227, 1.3472947288724015, 1.3511496226139565, 1.351471273409064, 1.3701021513924279, 1.4054867580732104, 1.4133820923740597, 1.4158523791478952, 1.419877153648262, 1.4440816073647085, 1.4719565173816915, 1.4780487116068952, 1.4801279826620348, 1.485257028609965, 1.5171710526632833, 1.543328255978102, 1.542323184533203, 1.5424660246971658, 1.5638109420083834, 1.5914015984574703, 1.6041826895060016, 1.6072789631882947, 1.6083256633576033, 1.6350740414037195, 1.6651096795556184, 1.6695561248393032, 1.6725603423809168, 1.6843425043841382]

position_x = [-0.013274967670440674, -0.014773368835449219, -0.02297818660736084, -0.054308027029037476, -0.0761038064956665, -0.07700961828231812, -0.07780438661575317, -0.09684103727340698, -0.12359988689422607, -0.13879555463790894, -0.13956692814826965, -0.15252575278282166, -0.18301904201507568, -0.20129388570785522, -0.2022441029548645, -0.2035367786884308, -0.2228650152683258, -0.2629229426383972, -0.26282042264938354, -0.2671048045158386, -0.2791011333465576, -0.3087979704141617, -0.3283887952566147, -0.327780544757843, -0.33038388192653656, -0.35455769300460815, -0.3819679617881775, -0.388229101896286, -0.3907265365123749, -0.40269483625888824, -0.42878200858831406, -0.44896073639392853, -0.4512667655944824, -0.44995278120040894, -0.4679180458188057, -0.4973720535635948, -0.5134246870875359, -0.5146803185343742, -0.5218131598085165, -0.5498456358909607, -0.5737263038754463, -0.5759543851017952, -0.5745301470160484, -0.5892753005027771, -0.6145818158984184, -0.6422008499503136, -0.6401297450065613, -0.6416692063212395, -0.6713255643844604, -0.6942904591560364, -0.7002597153186798, -0.7033027708530426, -0.710372656583786, -0.7365821450948715, -0.7636783123016357, -0.7643319368362427, -0.7637133300304413, -0.788045734167099, -0.810405045747757, -0.8248036801815033, -0.8272633254528046, -0.8305161595344543, -0.858881950378418, -0.890073835849762, -0.888707160949707, -0.8885968625545502, -0.9105346500873566, -0.9389922022819519, -0.9495489299297333, -0.9529962241649628, -0.9574176669120789, -0.9868590235710144, -1.0140736997127533, -1.0141375660896301, -1.0160749852657318, -1.0404951572418213, -1.0664311051368713, -1.0739939212799072, -1.0779613256454468, -1.0794467329978943, -1.1032840609550476, -1.132559061050415, -1.1376334428787231, -1.1370419263839722, -1.1574364304542542, -1.1855400204658508, -1.202538788318634, -1.201304018497467, -1.2008441090583801, -1.2177523970603943, -1.2467487454414368, -1.2627493143081665, -1.265009880065918, -1.272482693195343, -1.30551278591156, -1.323484480381012, -1.3258228302001953, -1.325911819934845, -1.343092918395996, -1.3776918053627014, -1.3874114155769348, -1.3891648054122925, -1.394092619419098, -1.418448805809021, -1.445923626422882, -1.4501193165779114, -1.45269775390625, -1.4567137956619263, -1.4867767691612244, -1.5132814049720764, -1.5134093165397644, -1.513810932636261, -1.5355079770088196, -1.5635319352149963, -1.5735264420509338, -1.57732492685318, -1.577578604221344, -1.6025932431221008, -1.6324934363365173, -1.6382359862327576, -1.6408270001411438, -1.653464138507843]

position_y = [-0.001196146011352539, -0.0021514892578125, -0.0004208087921142578, 0.00016832351684570312, 0.007543325424194336, 0.011518716812133789, 0.011418581008911133, 0.02146291732788086, 0.02788543701171875, 0.023179054260253906, 0.024599552154541016, 0.022970914840698242, 0.021614551544189453, 0.031909942626953125, 0.036390066146850586, 0.037857770919799805, 0.0480039119720459, 0.05475640296936035, 0.04716205596923828, 0.05140256881713867, 0.04764676094055176, 0.04637956619262695, 0.05659341812133789, 0.06041550636291504, 0.06608748435974121, 0.07539534568786621, 0.07842564582824707, 0.07262611389160156, 0.07455134391784668, 0.07199239730834961, 0.07096672058105469, 0.07792806625366211, 0.08614802360534668, 0.0865321159362793, 0.09608125686645508, 0.10373640060424805, 0.09702086448669434, 0.0997011661529541, 0.09609770774841309, 0.09619522094726562, 0.10381340980529785, 0.11111831665039062, 0.11222434043884277, 0.11924266815185547, 0.1278705596923828, 0.12947630882263184, 0.1243903636932373, 0.11893057823181152, 0.1213219165802002, 0.12650752067565918, 0.13652753829956055, 0.13459277153015137, 0.1416764259338379, 0.15286946296691895, 0.15413832664489746, 0.1484518051147461, 0.14595270156860352, 0.14674711227416992, 0.14621806144714355, 0.16287660598754883, 0.1600055694580078, 0.1653902530670166, 0.17620396614074707, 0.17877459526062012, 0.17281651496887207, 0.1706843376159668, 0.17211484909057617, 0.17150640487670898, 0.18795180320739746, 0.18451929092407227, 0.19076871871948242, 0.20281577110290527, 0.20303082466125488, 0.19845056533813477, 0.19419288635253906, 0.1962909698486328, 0.19858336448669434, 0.21117949485778809, 0.20949888229370117, 0.21517610549926758, 0.22455167770385742, 0.22879981994628906, 0.22148513793945312, 0.22088384628295898, 0.22179579734802246, 0.22094011306762695, 0.23063993453979492, 0.2351851463317871, 0.23612475395202637, 0.24556255340576172, 0.2531776428222656, 0.24496674537658691, 0.24837470054626465, 0.2456502914428711, 0.24549508094787598, 0.25217437744140625, 0.26038265228271484, 0.2615959644317627, 0.2707052230834961, 0.2781336307525635, 0.2697007656097412, 0.2736039161682129, 0.2693638801574707, 0.2708775997161865, 0.27560997009277344, 0.28597545623779297, 0.2836337089538574, 0.2897815704345703, 0.30216360092163086, 0.303053617477417, 0.2972424030303955, 0.29593563079833984, 0.296175479888916, 0.2965247631072998, 0.3121163845062256, 0.3088555335998535, 0.31298112869262695, 0.32428693771362305, 0.3279564380645752, 0.3218703269958496, 0.3242604732513428, 0.32103896141052246]

Device/SubDeviceList/LFoot/FSR/TotalWeight/Sensor/Value = [1.1747362613677979, 0.9273034334182739, 0.005802219267934561, 0.001702630426734686, 0.0, 0.0, 2.9384024143218994, 2.7793352603912354, 3.2486438751220703, 0.37069448828697205, 0.27363553643226624, 0.0, 0.00294192461296916, 0.0016326005570590496, 0.0, 1.2328710556030273, 2.6083288192749023, 2.2674851417541504, 1.187419056892395, 0.004337145481258631, 0.013226153329014778, 0.001948367222212255, 0.845818817615509, 1.1186366081237793, 2.3359410762786865, 3.141033887863159, 2.509629249572754, 1.216185212135315, 0.005465022753924131, 0.007788564544171095, 0.0, 0.005802219267934561, 0.5676746368408203, 3.7310373783111572, 1.9602746963500977, 2.5332460403442383, 0.6099923849105835, 1.071164846420288, 0.006520396564155817, 0.00018163341155741364, 0.0, 0.004811876453459263, 2.605497121810913, 2.8189806938171387, 2.2541441917419434, 2.417858362197876, 0.46002376079559326, 0.007285787723958492, 0.00290614552795887, 0.0025495640002191067, 0.10390857607126236, 1.9023151397705078, 2.269380569458008, 2.7586793899536133, 1.850949764251709, 0.977791965007782, 0.0038436155300587416, 0.0, 0.0020892624743282795, 0.6894093751907349, 0.840025782585144, 2.885577917098999, 2.528545379638672, 0.5348856449127197, 1.0371959209442139, 0.0039163613691926, 0.0031570610590279102, 0.004428077023476362, 0.7716463804244995, 0.9060853719711304, 3.081145763397217, 2.53670072555542, 0.1429826319217682, 1.7006614208221436, 0.0055397916585206985, 0.003517403267323971, 0.0, 0.18196383118629456, 0.15619471669197083, 1.9304370880126953, 2.6284170150756836, 2.214177131652832, 1.372014045715332, 0.007749740034341812, 0.0038799773901700974, 0.0011795450700446963, 0.6684948205947876, 0.7140251994132996, 2.3779191970825195, 2.3621673583984375, 2.8827130794525146, 0.3505890965461731, 0.823425829410553, 0.003989183809608221, 0.001388205331750214, 0.13244789838790894, 0.6178945302963257, 2.1834869384765625, 2.009164571762085, 3.0545525550842285, 0.4138403534889221, 0.7658323645591736, 0.0007300411816686392, 0.0, 0.002265871036797762, 0.4285909831523895, 1.2825266122817993, 3.7306718826293945, 2.711937189102173, 0.21248413622379303, 0.7283189296722412, 0.006482385098934174, 0.003770968643948436, 0.002195159438997507, 0.28775402903556824, 0.4392198920249939, 1.2717833518981934, 2.3250269889831543, 2.426461696624756, 0.9379200339317322, 0.005465022753924131, 0.0038799773901700974]

Device/SubDeviceList/InertialSensor/AngleX/Sensor/Value = [0.036240752786397934, 0.0164906345307827, 0.09357326477766037, 0.17314833402633667, 0.1986510157585144, 0.24102705717086792, 0.20766323804855347, 0.07919233292341232, 0.0368158183991909, 0.0916559025645256, 0.06059282645583153, 0.12406127899885178, 0.17161434888839722, 0.1796676516532898, 0.18906372785568237, 0.12501972913742065, 0.02109258994460106, -0.006135765928775072, 0.02281826362013817, 0.031638797372579575, 0.12291067093610764, 0.1708475947380066, 0.1637527346611023, 0.13556593656539917, 0.084177665412426, 0.03413122519850731, 0.015340026468038559, 0.03432339057326317, 0.035473521798849106, 0.12022607773542404, 0.16662901639938354, 0.16931360960006714, 0.1390172839164734, 0.14055126905441284, 0.05637424811720848, 0.04429405555129051, 0.09223096817731857, 0.05925052985548973, 0.10642021149396896, 0.16567009687423706, 0.1810099482536316, 0.17180603742599487, 0.18791311979293823, 0.06308525055646896, 0.009395774453878403, 0.0038353761192411184, 0.015723880380392075, 0.08072631806135178, 0.16528671979904175, 0.1871458888053894, 0.17640799283981323, 0.1796676516532898, 0.06749551743268967, 0.022626575082540512, 0.016682323068380356, 0.035473521798849106, 0.05675762519240379, 0.15148085355758667, 0.17161434888839722, 0.15282315015792847, 0.14131850004196167, 0.08705394715070724, 0.029337581247091293, 0.036624129861593246, 0.07113855332136154, 0.05100506171584129, 0.12904661893844604, 0.1624104380607605, 0.1394006609916687, 0.13134735822677612, 0.07995908707380295, 0.037391360849142075, 0.04314344748854637, 0.07018011063337326, 0.06979625672101974, 0.13825052976608276, 0.16164368391036987, 0.15301483869552612, 0.17775028944015503, 0.10028427094221115, 0.007095034699887037, -0.004217926878482103, 0.0107380710542202, 0.02722853049635887, 0.1234857365489006, 0.1695052981376648, 0.151289165019989, 0.12712925672531128, 0.10565345734357834, 0.04218500480055809, 0.028379138559103012, 0.046978648751974106, 0.04947107657790184, 0.0929977223277092, 0.1495634913444519, 0.151289165019989, 0.12214343994855881, 0.11888378113508224, 0.04908769950270653, 0.031638797372579575, 0.06845443695783615, 0.05733269080519676, 0.09625785797834396, 0.1509057879447937, 0.1721898913383484, 0.1526314616203308, 0.14994686841964722, 0.0801507756114006, 0.02722853049635887, 0.03393953666090965, 0.07650773972272873, 0.046403106302022934, 0.12904661893844604, 0.15071409940719604, 0.15742510557174683, 0.1610681414604187, 0.10642021149396896, 0.01764124259352684, 0.004218752961605787, 0.010929759591817856, 0.009395774453878403, 0.11926715821027756]

Device/SubDeviceList/LHipPitch/ElectricCurrent/Sensor/Value = [0.0, 0.03200000151991844, 0.14400000870227814, 0.0, 0.08000000566244125, 0.0, 0.48000001907348633, 0.17600001394748688, 0.08000000566244125, 0.0, 0.8800000548362732, 0.5600000023841858, 0.0, 0.0, 0.320000022649765, 0.25600001215934753, 0.0, 0.0, 0.7200000286102295, 0.35200002789497375, 0.08000000566244125, 0.0, 0.01600000075995922, 0.24000000953674316, 0.06400000303983688, 0.0, 0.0, 0.0, 0.0, 0.30400002002716064, 0.0, 0.06400000303983688, 0.0, 0.3840000033378601, 0.20800000429153442, 0.0, 0.0, 0.03200000151991844, 0.1120000034570694, 0.09600000083446503, 0.06400000303983688, 0.0, 0.48000001907348633, 0.1600000113248825, 0.0, 0.0, 0.2240000069141388, 0.08000000566244125, 0.0, 0.06400000303983688, 0.0, 0.4320000112056732, 0.08000000566244125, 0.0, 0.0, 0.0, 0.17600001394748688, 0.2240000069141388, 0.08000000566244125, 0.08000000566244125, 0.08000000566244125, 0.2240000069141388, 0.0, 0.0, 0.0, 0.0, 0.800000011920929, 0.03200000151991844, 0.08000000566244125, 0.5440000295639038, 0.2720000147819519, 0.0, 0.0, 0.3680000305175781, 0.09600000083446503, 0.0, 0.03200000151991844, 0.0, 0.1600000113248825, 0.30400002002716064, 0.0, 0.0, 0.0, 0.25600001215934753, 2.2080001831054688, 0.04800000041723251, 0.14400000870227814, 0.0, 0.35200002789497375, 0.06400000303983688, 0.0, 0.0, 0.7520000338554382, 0.25600001215934753, 0.0, 0.1600000113248825, 0.0, 0.30400002002716064, 0.03200000151991844, 0.0, 0.0, 0.24000000953674316, 0.01600000075995922, 0.3680000305175781, 0.2880000174045563, 0.0, 0.48000001907348633, 0.12800000607967377, 0.0, 0.0, 0.0, 0.4480000138282776, 0.0, 0.04800000041723251, 0.03200000151991844, 0.14400000870227814, 0.64000004529953, 0.0, 0.0, 0.0, 0.01600000075995922, 0.48000001907348633]

Device/SubDeviceList/LHipRoll/Position/Sensor/Value = [-0.1548919677734375, 0.009245872497558594, 0.09361600875854492, 0.13810205459594727, 0.09975194931030273, -0.05364799499511719, -0.13034796714782715, -0.15949392318725586, -0.14108610153198242, -0.07665801048278809, 0.05526590347290039, 0.12582993507385254, 0.14117002487182617, 0.04912996292114258, -0.10733795166015625, -0.15642595291137695, -0.2009119987487793, -0.2039799690246582, -0.1257460117340088, 0.02151799201965332, 0.09668397903442383, 0.08287787437438965, -0.02603602409362793, -0.21011614799499512, -0.2438640594482422, -0.24539804458618164, -0.21625208854675293, -0.11347413063049316, 0.013848066329956055, 0.10128593444824219, 0.1104898452758789, 0.007711887359619141, -0.11040592193603516, -0.18557214736938477, -0.20551395416259766, -0.17023205757141113, -0.08125996589660645, 0.04452800750732422, 0.12429594993591309, 0.1565098762512207, 0.06907200813293457, -0.042910099029541016, -0.13801813125610352, -0.18557214736938477, -0.2070479393005371, -0.20244598388671875, -0.047512054443359375, 0.04912996292114258, 0.14117002487182617, 0.056799888610839844, -0.027570009231567383, -0.1579599380493164, -0.19324207305908203, -0.21318411827087402, -0.21471810340881348, -0.08125996589660645, 0.02611994743347168, 0.12889790534973145, 0.06753802299499512, -0.01683211326599121, -0.17636799812316895, -0.2070479393005371, -0.20244598388671875, -0.16102814674377441, -0.03523993492126465, 0.05526590347290039, 0.14423799514770508, 0.0614018440246582, -0.04597806930541992, -0.19324207305908203, -0.21011614799499512, -0.19631004333496094, -0.14108610153198242, 0.015382051467895508, 0.09361600875854492, 0.17491793632507324, 0.09361600875854492, 0.03072190284729004, -0.11040592193603516, -0.16716408729553223, -0.20244598388671875, -0.20551395416259766, -0.10120201110839844, 0.01691603660583496, 0.1043539047241211, 0.09361600875854492, -0.0030260086059570312, -0.14722204208374023, -0.2009119987487793, -0.21932005882263184, -0.19170808792114258, -0.13341593742370605, 0.007711887359619141, 0.09975194931030273, 0.11509203910827637, 0.010779857635498047, -0.14415407180786133, -0.19937801361083984, -0.21471810340881348, -0.18250393867492676, -0.11500811576843262, 0.0123138427734375, 0.09975194931030273, 0.1534419059753418, 0.05066394805908203, -0.03217196464538574, -0.17023205757141113, -0.19170808792114258, -0.18710613250732422, -0.1518239974975586, -0.03523993492126465, 0.07520794868469238, 0.15804386138916016, 0.0844118595123291, 0.033789873123168945, -0.1349501609802246, -0.1779019832611084, -0.21318411827087402, -0.20244598388671875, -0.1088719367980957, 0.023051977157592773, 0.10281991958618164]

Device/SubDeviceList/RHipPitch/Position/Sensor/Value = [-0.46637797355651855, -0.3789398670196533, -0.17184996604919434, -0.09361600875854492, 0.004559993743896484, 0.15949392318725586, 0.019900083541870117, -0.3804740905761719, -0.5001258850097656, -0.42342591285705566, -0.34825992584228516, -0.15497589111328125, -0.10281991958618164, 0.018366098403930664, 0.17176604270935059, -0.0844118595123291, -0.544611930847168, -0.544611930847168, -0.4909219741821289, -0.3835420608520508, -0.21173405647277832, -0.14577198028564453, -0.004643917083740234, 0.17330002784729004, -0.24241399765014648, -0.561486005783081, -0.5430779457092285, -0.4817180633544922, -0.3728039264678955, -0.19792795181274414, -0.1365680694580078, -0.04606199264526367, 0.1088719367980957, -0.007711887359619141, -0.507796049118042, -0.5599520206451416, -0.4909219741821289, -0.42035794258117676, -0.24394798278808594, -0.14423799514770508, -0.027653932571411133, 0.09660005569458008, 0.06438612937927246, -0.3958139419555664, -0.5584180355072021, -0.5200679302215576, -0.4356980323791504, -0.2623560428619385, -0.1565098762512207, -0.06293606758117676, 0.07819199562072754, 0.10120201110839844, -0.3666679859161377, -0.56455397605896, -0.5338740348815918, -0.4617760181427002, -0.3206479549407959, -0.18872404098510742, -0.1304318904876709, -4.1961669921875e-05, 0.16409611701965332, -0.32524991035461426, -0.581428050994873, -0.544611930847168, -0.4556400775909424, -0.35132789611816406, -0.18412208557128906, -0.09514999389648438, 0.047512054443359375, 0.1548919677734375, -0.3329200744628906, -0.5752918720245361, -0.5292720794677734, -0.4249598979949951, -0.29303598403930664, -0.17184996604919434, -0.06293606758117676, 0.05058002471923828, 0.16869807243347168, -0.23781204223632812, -0.5492138862609863, -0.5354080200195312, -0.46944594383239746, -0.36206603050231934, -0.1994619369506836, -0.13503408432006836, -0.01691603660583496, 0.14722204208374023, -0.09054803848266602, -0.5323400497436523, -0.5691559314727783, -0.507796049118042, -0.42342591285705566, -0.22707390785217285, -0.14117002487182617, -0.04452800750732422, 0.1487560272216797, -0.09668397903442383, -0.5016598701477051, -0.5584180355072021, -0.48632001876831055, -0.41422200202941895, -0.2516179084777832, -0.14423799514770508, -0.03992605209350586, 0.08432793617248535, 0.16563010215759277, -0.32218194007873535, -0.5706899166107178, -0.544611930847168, -0.4648439884185791, -0.3329200744628906, -0.19485998153686523, -0.1104898452758789, 0.01683211326599121, 0.15949392318725586, -0.19179201126098633, -0.5599520206451416, -0.544611930847168, -0.4909219741821289, -0.3835420608520508, -0.20099592208862305]

Device/SubDeviceList/RFoot/FSR/CenterOfPressure/X/Sensor/Value = [-0.030220676213502884, -0.0058262464590370655, -0.02145478129386902, 0.033677369356155396, 0.0031934406142681837, 0.012454197742044926, -0.029650000855326653, -0.029650000855326653, -0.029650000855326653, -0.029814470559358597, -0.029830558225512505, -0.0043596564792096615, 0.05432788282632828, 0.0037549107801169157, 0.0014953766949474812, -0.029649998992681503, -0.029650000855326653, -0.029650000855326653, -0.03003392554819584, -0.02978302165865898, 0.032532699406147, 0.032645829021930695, -0.02981669269502163, -0.03005829267203808, -0.029650000855326653, -0.029650000855326653, 0.0, -0.029899518936872482, -0.028162211179733276, -0.001039127353578806, 0.0361192412674427, 0.02723885141313076, -0.029918331652879715, -0.029650002717971802, -0.029650000855326653, -0.029649998992681503, -0.029936984181404114, -0.029904402792453766, -0.004019645508378744, 0.05029512196779251, 0.03781290352344513, -0.00491693802177906, -0.029650000855326653, -0.029650000855326653, -0.029650000855326653, -0.030246801674365997, -0.029920078814029694, -0.02308879792690277, 0.03762849047780037, 0.03298724442720413, -0.005566577892750502, 0.0, -0.029650000855326653, -0.029650000855326653, -0.030192555859684944, -0.02989771217107773, -0.01827148348093033, 0.005826307460665703, 0.02837352454662323, -0.029771095141768456, -0.030011091381311417, -0.029650000855326653, -0.029650002717971802, -0.02982093207538128, -0.030026482418179512, -0.023660849779844284, 0.04714840278029442, 0.03188715875148773, -0.029829885810613632, -0.029967090114951134, -0.029650000855326653, -0.029650000855326653, -0.02983817085623741, -0.030061466619372368, -0.028591269627213478, 0.03519773483276367, 0.043942891061306, 0.0011924715945497155, 0.02291359193623066, -0.029650000855326653, -0.029650000855326653, -0.029650002717971802, -0.030039161443710327, -0.029741039499640465, 0.013552263379096985, 0.03314198553562164, -0.029807358980178833, -0.029922466725111008, -0.029650002717971802, -0.029650000855326653, -0.029650000855326653, -0.029877901077270508, -0.029904194176197052, 0.014320886693894863, 0.04501200094819069, 0.02393563650548458, -0.029986195266246796, -0.029650000855326653, -0.029650000855326653, -0.029650000855326653, -0.02992372028529644, -0.029907645657658577, -0.0025720323901623487, 0.05438423901796341, 0.045164767652750015, -0.006259286776185036, -0.030065080150961876, -0.029650000855326653, -0.029650002717971802, -0.029763681814074516, -0.030103765428066254, -0.02288273721933365, 0.036147069185972214, 0.024309171363711357, 0.009295019321143627, -0.024361781775951385, -0.029650000855326653, -0.029650000855326653, -0.02975456789135933, -0.030110852792859077, -0.029082559049129486, 0.008259395137429237]

Device/SubDeviceList/InertialSensor/AngleY/Sensor/Value = [-0.03125494346022606, -0.08609455078840256, -0.050812896341085434, -0.06883733719587326, -0.04429357871413231, -0.07497327774763107, -0.0030681451316922903, 0.06174260750412941, 0.017257515341043472, -0.01342218741774559, -0.13556545972824097, -0.09338109940290451, -0.072672538459301, -0.036048587411642075, -0.0801502987742424, -0.04659479483962059, -0.043526824563741684, -0.11945884674787521, -0.17238110303878784, -0.17487400770187378, -0.09146373718976974, -0.048512157052755356, -0.051963504403829575, -0.10431068390607834, -0.042759593576192856, 0.004410092253237963, -0.04237621650099754, -0.08091752976179123, -0.08705347031354904, -0.0425679050385952, -0.04793709143996239, -0.03643196448683739, -0.06826227158308029, -0.0960656926035881, -0.02780359610915184, -0.029720958322286606, -0.06500261276960373, -0.12770384550094604, -0.09280603379011154, -0.05618208274245262, -0.05388086661696434, -0.08130090683698654, -0.08513610810041428, 0.026844803243875504, -0.0059439497999846935, -0.07995861023664474, -0.11984222382307053, -0.09453170746564865, -0.07209699600934982, -0.056948836892843246, -0.08494394272565842, -0.11274736374616623, -0.0051771956495940685, -0.012079890817403793, -0.06883733719587326, -0.10948770493268967, -0.11754148453474045, -0.09357278794050217, -0.07171361893415451, -0.05349748954176903, -0.08992975205183029, -0.04371851310133934, -0.030296023935079575, -0.08954589813947678, -0.10603635758161545, -0.12693709135055542, -0.08436887711286545, -0.053689178079366684, -0.051963504403829575, -0.10354392975568771, -0.01706570014357567, -0.00440996466204524, -0.06308477371931076, -0.10661142319440842, -0.082834891974926, -0.025310691446065903, -0.005560572724789381, -0.03566521033644676, -0.06807058304548264, 0.0007670561317354441, 0.007861439138650894, -0.06135910376906395, -0.10852926224470139, -0.12252681702375412, -0.08992975205183029, -0.06807058304548264, -0.058866675943136215, -0.0872451588511467, -0.07497327774763107, 0.007478062529116869, -0.03585689887404442, -0.07478158921003342, -0.11696594208478928, -0.057716067880392075, -0.0209004245698452, -0.01706570014357567, -0.057716067880392075, -0.07382266968488693, -0.043910201638936996, -0.06768672913312912, -0.09759967774152756, -0.14668673276901245, -0.12214343994855881, -0.07094638794660568, -0.058866675943136215, -0.08225982636213303, -0.10699527710676193, -0.05349748954176903, -0.05541485175490379, -0.08916252106428146, -0.10335176438093185, -0.1261698603630066, -0.061550792306661606, -0.027036365121603012, -0.04084223136305809, -0.07823293656110764, -0.06040066108107567, -0.01706570014357567, -0.07305591553449631, -0.1234852597117424, -0.12540310621261597, -0.10641973465681076]

Device/SubDeviceList/LHipRoll/ElectricCurrent/Sensor/Value = [0.2880000174045563, 0.0, 0.06400000303983688, 0.0, 0.0, 0.0, 0.0, 0.0, 0.6080000400543213, 0.48000001907348633, 0.06400000303983688, 0.0, 0.0, 0.0, 0.0, 0.5600000023841858, 0.17600001394748688, 0.0, 0.09600000083446503, 0.12800000607967377, 0.17600001394748688, 0.03200000151991844, 0.0, 0.0, 0.4320000112056732, 0.8800000548362732, 0.64000004529953, 0.35200002789497375, 0.0, 0.01600000075995922, 0.04800000041723251, 0.03200000151991844, 0.14400000870227814, 0.784000039100647, 0.25600001215934753, 1.040000081062317, 0.03200000151991844, 0.01600000075995922, 0.19200000166893005, 0.0, 0.01600000075995922, 0.1600000113248825, 0.9280000329017639, 0.0, 0.8640000224113464, 0.7200000286102295, 0.03200000151991844, 0.1120000034570694, 0.0, 0.0, 0.01600000075995922, 1.1680001020431519, 0.656000018119812, 0.5920000076293945, 0.46400001645088196, 0.2720000147819519, 0.3360000252723694, 0.0, 0.0, 0.0, 0.0, 0.3840000033378601, 0.7680000066757202, 0.5920000076293945, 0.04800000041723251, 0.25600001215934753, 0.3840000033378601, 0.03200000151991844, 0.0, 0.3680000305175781, 0.20800000429153442, 0.7680000066757202, 0.0, 0.20800000429153442, 0.20800000429153442, 0.4320000112056732, 0.0, 0.0, 0.0, 0.0, 0.30400002002716064, 0.0, 0.1600000113248825, 0.09600000083446503, 0.14400000870227814, 0.2720000147819519, 0.17600001394748688, 0.0, 0.5920000076293945, 0.5440000295639038, 0.7360000610351562, 0.0, 0.04800000041723251, 0.0, 0.0, 0.0, 0.0, 0.25600001215934753, 0.5120000243186951, 0.9440000653266907, 0.64000004529953, 0.19200000166893005, 0.1120000034570694, 0.0, 0.0, 0.0, 0.2880000174045563, 0.3840000033378601, 0.8160000443458557, 0.2240000069141388, 0.2240000069141388, 0.1600000113248825, 0.0, 0.0, 0.0, 0.0, 0.0, 0.4960000216960907, 0.0, 0.4320000112056732, 0.08000000566244125, 0.4960000216960907]

Device/SubDeviceList/LKneePitch/Position/Sensor/Value = [0.7838320732116699, 0.7393460273742676, 1.213352084159851, 0.9801840782165527, 0.894279956817627, 0.9771161079406738, 0.8528621196746826, 0.8053081035614014, 0.8237161636352539, 0.7669579982757568, 0.8068420886993408, 1.2471001148223877, 0.9372320175170898, 0.9203581809997559, 0.9771161079406738, 0.8789401054382324, 0.8528621196746826, 0.8589980602264404, 0.7746281623840332, 0.897348165512085, 1.251702070236206, 0.8820080757141113, 0.9034841060638428, 0.931096076965332, 0.8497941493988037, 0.837522029876709, 0.8467259407043457, 0.7654240131378174, 0.8114440441131592, 1.2225561141967773, 1.0231361389160156, 0.8804740905761719, 0.9326300621032715, 0.8758721351623535, 0.8436579704284668, 0.8390560150146484, 0.8083760738372803, 0.7194039821624756, 1.2179540395736694, 1.004728078842163, 0.8605320453643799, 0.9356980323791504, 0.8958139419555664, 0.8405900001525879, 0.8436579704284668, 0.8436579704284668, 0.687190055847168, 1.0798940658569336, 1.0952341556549072, 0.8344540596008301, 0.9418339729309082, 0.914222002029419, 0.8421239852905273, 0.8390560150146484, 0.8421239852905273, 0.7117340564727783, 1.0169999599456787, 1.2286920547485352, 0.8344540596008301, 0.9050180912017822, 0.9356980323791504, 0.8421239852905273, 0.8467259407043457, 0.8405900001525879, 0.7132680416107178, 0.9495041370391846, 1.1888080835342407, 0.8390560150146484, 0.9341640472412109, 0.9356980323791504, 0.8451919555664062, 0.8451919555664062, 0.8329200744628906, 0.6810541152954102, 1.0967681407928467, 1.155060052871704, 0.8267841339111328, 0.9264941215515137, 0.9617760181427002, 0.8543961048126221, 0.837522029876709, 0.8467259407043457, 0.7531521320343018, 0.9050180912017822, 1.2409640550613403, 0.8682019710540771, 0.8988821506500244, 0.931096076965332, 0.8682019710540771, 0.8421239852905273, 0.8482601642608643, 0.8053081035614014, 0.7654240131378174, 1.221022129058838, 0.970980167388916, 0.8820080757141113, 0.9402999877929688, 0.8636000156402588, 0.8390560150146484, 0.8421239852905273, 0.8068420886993408, 0.7025301456451416, 1.135118007659912, 1.1121079921722412, 0.8697359561920166, 0.9556400775909424, 0.9402999877929688, 0.8467259407043457, 0.8451919555664062, 0.8359880447387695, 0.727074146270752, 1.0062620639801025, 1.2041480541229248, 0.8206479549407959, 0.914222002029419, 0.9495041370391846, 0.8528621196746826, 0.8390560150146484, 0.8467259407043457, 0.7684919834136963, 0.8543961048126221, 1.2378960847854614]

Device/SubDeviceList/RHipRoll/ElectricCurrent/Sensor/Value = [0.0, 0.527999997138977, 0.0, 0.2720000147819519, 0.0, 0.4000000059604645, 0.19200000166893005, 0.25600001215934753, 0.03200000151991844, 0.0, 0.2880000174045563, 0.2880000174045563, 0.46400001645088196, 0.4000000059604645, 0.06400000303983688, 0.14400000870227814, 0.04800000041723251, 0.0, 0.0, 1.0240000486373901, 0.0, 0.4960000216960907, 0.48000001907348633, 0.06400000303983688, 0.04800000041723251, 0.0, 0.0, 0.0, 1.0080000162124634, 0.12800000607967377, 0.5600000023841858, 0.03200000151991844, 0.1600000113248825, 0.17600001394748688, 0.0, 0.0, 0.01600000075995922, 0.3840000033378601, 0.4480000138282776, 0.35200002789497375, 0.0, 0.25600001215934753, 0.0, 0.12800000607967377, 0.01600000075995922, 0.06400000303983688, 0.0, 0.0, 0.12800000607967377, 0.656000018119812, 0.7520000338554382, 0.0, 0.17600001394748688, 0.01600000075995922, 0.08000000566244125, 0.03200000151991844, 0.46400001645088196, 0.5120000243186951, 0.7040000557899475, 0.04800000041723251, 0.04800000041723251, 0.1120000034570694, 0.0, 0.0, 0.0, 0.6720000505447388, 0.5600000023841858, 1.040000081062317, 0.0, 0.09600000083446503, 0.03200000151991844, 0.03200000151991844, 0.0, 0.06400000303983688, 0.1600000113248825, 0.2880000174045563, 0.8640000224113464, 0.48000001907348633, 0.08000000566244125, 0.04800000041723251, 0.0, 0.0, 0.08000000566244125, 0.5440000295639038, 0.0, 0.5920000076293945, 0.0, 0.03200000151991844, 0.7040000557899475, 0.0, 0.0, 0.01600000075995922, 0.2880000174045563, 0.3840000033378601, 0.7520000338554382, 0.0, 0.08000000566244125, 0.656000018119812, 0.0, 0.0, 0.0, 0.0, 0.30400002002716064, 0.5760000348091125, 0.17600001394748688, 0.4480000138282776, 0.06400000303983688, 0.08000000566244125, 0.0, 0.04800000041723251, 0.0, 0.2240000069141388, 0.1120000034570694, 0.8320000171661377, 1.152000069618225, 0.2240000069141388, 0.320000022649765, 0.03200000151991844, 0.0, 0.04800000041723251, 0.03200000151991844, 0.0]

Device/SubDeviceList/LFoot/FSR/CenterOfPressure/X/Sensor/Value = [-0.0006273376056924462, -0.030067626386880875, -0.030249999836087227, 0.0, 0.0, 0.0, 0.0693124532699585, 0.0701715275645256, 0.070250004529953, -0.030023247003555298, -0.029894573614001274, -0.030249999836087227, -0.030249999836087227, 0.0, -0.030249999836087227, 0.033660076558589935, 0.033172741532325745, -0.018816571682691574, -0.03011889010667801, -0.030012547969818115, -0.030249999836087227, -0.030249999836087227, -0.02993154525756836, -0.029983822256326675, -0.008924317546188831, 0.04556132107973099, 0.02271748147904873, 0.016980277374386787, -0.030249997973442078, -0.030249999836087227, -0.030249997973442078, -0.030199844390153885, -0.029995493590831757, -0.012927580624818802, 0.031680867075920105, 0.031642891466617584, -0.030044037848711014, -0.029965458437800407, -0.030249999836087227, 0.0, -0.030250001698732376, -0.02974449284374714, 0.019986264407634735, 0.03959180787205696, 0.033395178616046906, -0.001281837816350162, -0.00043067673686891794, -0.030249999836087227, 0.0, -0.030249999836087227, -0.029666990041732788, -0.015704387798905373, 0.042023397982120514, 0.04110601171851158, 0.01213234942406416, 0.021577026695013046, -0.030249999836087227, -0.030249999836087227, 0.0, -0.029956266283988953, -0.03008998930454254, 0.019493823871016502, 0.03464001044631004, -0.029702799394726753, -0.02664344571530819, -0.030249999836087227, 0.0, -0.030249999836087227, -0.030004950240254402, -0.03001091443002224, 0.028115028515458107, 0.039192263036966324, -0.029688827693462372, -0.03007989563047886, -0.030249999836087227, -0.030249999836087227, -0.030249997973442078, -0.029658924788236618, -0.029658159241080284, 0.04385409876704216, 0.043904244899749756, 0.011314735747873783, 0.007279308047145605, -0.030249999836087227, -0.030249999836087227, -0.030249999836087227, -0.03004988469183445, -0.03001089207828045, -0.025623571127653122, 0.03613492101430893, 0.033304717391729355, -0.02994917891919613, 0.004686279222369194, -0.030249999836087227, -0.030249999836087227, -0.030144600197672844, -0.029982727020978928, -0.014601548202335835, 0.044041670858860016, 0.04485226422548294, -0.030011344701051712, -0.028001759201288223, -0.030250001698732376, -0.030250001698732376, 0.0, -0.029889585450291634, -0.03005250357091427, 0.037654247134923935, 0.040182970464229584, -0.029662607237696648, -0.03003784827888012, -0.030249997973442078, -0.030250001698732376, 0.0, -0.029649998992681503, -0.03008335828781128, 0.013530929572880268, 0.030541663989424706, 0.017142537981271744, -0.0029943748377263546, -0.030250001698732376, -0.030249997973442078]

Device/SubDeviceList/RAnkleRoll/ElectricCurrent/Sensor/Value = [0.1120000034570694, 0.0, 0.09600000083446503, 0.3360000252723694, 0.7200000286102295, 0.06400000303983688, 0.0, 0.4480000138282776, 0.0, 0.12800000607967377, 0.0, 0.0, 0.19200000166893005, 0.5120000243186951, 0.0, 0.08000000566244125, 0.0, 0.0, 0.04800000041723251, 0.08000000566244125, 0.06400000303983688, 0.09600000083446503, 0.1600000113248825, 0.9920000433921814, 0.2880000174045563, 0.0, 0.2880000174045563, 0.1600000113248825, 0.0, 0.0, 0.0, 0.0, 0.03200000151991844, 0.41600000858306885, 0.6880000233650208, 0.04800000041723251, 0.0, 0.06400000303983688, 0.0, 0.04800000041723251, 0.14400000870227814, 0.0, 0.4000000059604645, 0.9760000705718994, 0.0, 0.2720000147819519, 0.0, 0.0, 0.03200000151991844, 0.04800000041723251, 0.0, 0.24000000953674316, 1.2160000801086426, 0.25600001215934753, 0.04800000041723251, 0.0, 0.0, 0.0, 0.04800000041723251, 0.0, 0.01600000075995922, 1.5360000133514404, 0.08000000566244125, 0.09600000083446503, 0.0, 0.320000022649765, 0.01600000075995922, 0.08000000566244125, 0.09600000083446503, 0.2720000147819519, 0.9760000705718994, 0.0, 0.0, 0.09600000083446503, 0.0, 0.0, 0.01600000075995922, 0.0, 0.20800000429153442, 0.0, 0.0, 0.320000022649765, 0.04800000041723251, 0.0, 0.0, 0.12800000607967377, 0.0, 0.03200000151991844, 0.320000022649765, 0.5440000295639038, 0.0, 0.04800000041723251, 0.14400000870227814, 0.2720000147819519, 0.2240000069141388, 0.09600000083446503, 0.08000000566244125, 0.0, 0.0, 0.0, 0.2240000069141388, 0.0, 0.0, 0.0, 0.19200000166893005, 0.17600001394748688, 0.17600001394748688, 0.8800000548362732, 0.01600000075995922, 0.0, 0.12800000607967377, 0.0, 0.0, 0.0, 0.12800000607967377, 0.08000000566244125, 0.0, 0.25600001215934753, 0.0, 0.0, 0.0, 0.527999997138977]

Device/SubDeviceList/RFoot/FSR/TotalWeight/Sensor/Value = [0.2907871901988983, 0.20348986983299255, 1.483851671218872, 1.8986079692840576, 2.351647138595581, 3.3835906982421875, 0.027414340525865555, 0.005016934592276812, 0.007076424080878496, 0.9003455638885498, 1.0529112815856934, 0.7804530262947083, 1.8077740669250488, 2.735836982727051, 1.4864068031311035, 0.018155058845877647, 0.0011989687336608768, 0.003706013783812523, 0.8394379615783691, 2.9953668117523193, 1.7887868881225586, 1.994451642036438, 0.3336312472820282, 0.7297706007957458, 0.00808320939540863, 0.00662350794300437, 0.0, 0.9132832288742065, 2.256166458129883, 1.1902320384979248, 1.324808120727539, 1.4768662452697754, 0.9587874412536621, 0.012749078683555126, 0.007395212538540363, 0.003231541719287634, 1.0597174167633057, 0.8923853039741516, 1.0527064800262451, 1.905249834060669, 1.843099594116211, 1.8923927545547485, 0.02837272919714451, 0.0060838619247078896, 0.006578385829925537, 0.23519885540008545, 1.2033593654632568, 1.3940547704696655, 1.5362852811813354, 2.0018084049224854, 1.234809398651123, 0.03877587988972664, 0.014894905500113964, 0.0033606120850890875, 0.28652137517929077, 1.1200038194656372, 1.8387922048568726, 1.2921241521835327, 1.435173749923706, 0.3941706717014313, 0.5275530815124512, 0.005149406380951405, 0.002080729231238365, 1.5066355466842651, 0.8498420715332031, 2.0012218952178955, 1.0658332109451294, 1.655681848526001, 0.4801047444343567, 0.3947426676750183, 0.01033072266727686, 0.004840693902224302, 1.587630271911621, 0.5623018741607666, 2.23209547996521, 1.3813806772232056, 1.949918270111084, 2.1606199741363525, 0.9052754640579224, 0.006985610816627741, 0.05694460868835449, 0.004621037747710943, 0.8533010482788086, 3.0455379486083984, 1.4112820625305176, 1.67313814163208, 0.6168156862258911, 0.9808660745620728, 0.010378310456871986, 0.003749315394088626, 0.011966399848461151, 1.4473422765731812, 1.1144427061080933, 1.7069218158721924, 1.6724238395690918, 1.5875310897827148, 1.0769203901290894, 0.01014071423560381, 0.0076237949542701244, 0.0031027114018797874, 1.4834260940551758, 0.6981286406517029, 1.3563376665115356, 1.6085962057113647, 2.219120740890503, 0.7993432283401489, 0.20296497642993927, 0.012161288410425186, 0.012063774280250072, 1.7169830799102783, 0.8084233403205872, 2.0304431915283203, 1.3394230604171753, 1.6750054359436035, 1.6355481147766113, 0.47191953659057617, 0.006849599536508322, 0.02363487146794796, 0.006578385829925537, 0.8773777484893799, 2.6775095462799072, 1.6038562059402466]

Device/SubDeviceList/RHipPitch/ElectricCurrent/Sensor/Value = [0.0, 0.9760000705718994, 0.0, 0.0, 0.0, 0.0, 0.0, 0.0, 0.1600000113248825, 0.0, 0.09600000083446503, 0.0, 0.06400000303983688, 0.0, 0.0, 0.09600000083446503, 0.2240000069141388, 0.0, 0.2240000069141388, 0.527999997138977, 0.0, 0.03200000151991844, 0.0, 0.24000000953674316, 0.0, 0.3840000033378601, 0.1120000034570694, 0.0, 0.5120000243186951, 0.0, 0.0, 0.0, 0.0, 0.35200002789497375, 0.08000000566244125, 0.0, 0.0, 0.4960000216960907, 0.0, 0.04800000041723251, 0.0, 0.0, 0.1120000034570694, 0.0, 0.0, 0.12800000607967377, 0.24000000953674316, 0.0, 0.08000000566244125, 0.0, 0.0, 0.0, 0.09600000083446503, 0.4000000059604645, 0.17600001394748688, 0.14400000870227814, 0.0, 0.0, 0.0, 0.0, 0.9760000705718994, 0.0, 0.4320000112056732, 0.20800000429153442, 0.0, 0.06400000303983688, 0.0, 0.0, 0.0, 0.25600001215934753, 0.12800000607967377, 0.0, 0.1120000034570694, 0.0, 0.17600001394748688, 0.03200000151991844, 0.0, 0.0, 0.46400001645088196, 0.0, 0.4320000112056732, 0.17600001394748688, 0.17600001394748688, 0.19200000166893005, 0.06400000303983688, 0.03200000151991844, 0.0, 0.0, 0.4320000112056732, 0.0, 0.01600000075995922, 0.1120000034570694, 0.656000018119812, 0.0, 0.0, 0.0, 0.0, 0.24000000953674316, 0.03200000151991844, 0.3840000033378601, 0.0, 0.12800000607967377, 0.0, 0.0, 0.0, 0.0, 0.64000004529953, 0.0, 0.3360000252723694, 0.19200000166893005, 0.03200000151991844, 0.4480000138282776, 0.0, 0.06400000303983688, 0.0, 0.8800000548362732, 0.04800000041723251, 0.30400002002716064, 0.17600001394748688, 0.08000000566244125, 0.2720000147819519, 0.0]

Device/SubDeviceList/RFoot/FSR/CenterOfPressure/Y/Sensor/Value = [0.01670524664223194, -0.026951013132929802, -0.022588642314076424, -0.025612754747271538, -0.029899999499320984, -0.029900001361966133, -0.029899999499320984, -0.029899999499320984, -0.029900001361966133, -0.016515368595719337, -0.01515441294759512, -0.01916608028113842, -0.014082091860473156, -0.029899997636675835, -0.02883007936179638, -0.029900001361966133, -0.029899999499320984, -0.029899999499320984, -0.001598013797774911, -0.019036700949072838, -0.0050769587978720665, 0.00038512086030095816, -0.01593203656375408, 0.009761624038219452, -0.029900001361966133, -0.029900001361966133, -0.013807477429509163, -0.00952260009944439, -0.020321520045399666, -0.009970993734896183, 2.2928331873117713e-06, 0.0016646096482872963, -0.007986350916326046, -0.029899999499320984, -0.029900001361966133, -0.029899999499320984, -0.002663389081135392, -0.009123854339122772, -0.02148006483912468, -0.0036976467818021774, -0.00978755671530962, -0.029400886967778206, -0.029899999499320984, -0.029899999499320984, -0.029900001361966133, 0.01883859932422638, -0.00784376636147499, -0.027101220563054085, -0.004352341406047344, -0.00930284895002842, -0.021256370469927788, 0.0, -0.029899999499320984, -0.029899999499320984, 0.017577942460775375, -0.009953641332685947, -0.01678885705769062, -0.007104401011019945, -0.004336901940405369, -0.020010575652122498, -0.000410999811720103, -0.029900001361966133, -0.029899999499320984, -0.015940696001052856, 0.0008458732045255601, -0.019812390208244324, 0.005209839902818203, -0.0025007466319948435, -0.015209279954433441, -0.004004406742751598, -0.029899999499320984, -0.029900001361966133, -0.014532807283103466, 0.0037031474057585, -0.024917686358094215, -0.0028928378596901894, -0.00476364279165864, -0.029899999499320984, -0.00153275765478611, -0.029899999499320984, -0.029899999499320984, 0.015476587228477001, 0.0018817033851519227, -0.022465012967586517, -0.009956316091120243, -0.0015957312425598502, -0.017049064859747887, -0.007648566272109747, -0.029899999499320984, -0.029899999499320984, -0.029899999499320984, -0.010440087877213955, -0.011845863424241543, -0.007334550842642784, 0.0036121769808232784, 0.00896435510367155, -0.002444060519337654, -0.029899999499320984, -0.029899999499320984, -0.029900001361966133, -0.0075461105443537235, -0.00885889120399952, -0.025156168267130852, 0.0021453339140862226, -0.0005059532704763114, -0.019001713022589684, 0.0039981952868402, -0.029899999499320984, -0.029899999499320984, -0.020616130903363228, 0.005715233273804188, -0.016565416008234024, 0.0003578605828806758, -0.001967750024050474, -0.021314304322004318, -0.000993942841887474, -0.029900001361966133, -0.029899999499320984, 0.017499253153800964, 0.007736240979284048, -0.018739841878414154, -0.0096962945535779]

Device/SubDeviceList/LAnklePitch/Position/Sensor/Value = [-0.7762460708618164, -0.8238000869750977, -0.7992560863494873, -0.4050178527832031, -0.4525718688964844, -0.6473898887634277, -0.6872739791870117, -0.7455658912658691, -0.7701098918914795, -0.7961878776550293, -0.8468098640441895, -0.7670419216156006, -0.36820197105407715, -0.4709799289703369, -0.5936999320983887, -0.5906319618225098, -0.6197779178619385, -0.6826720237731934, -0.7363619804382324, -0.7977218627929688, -0.6796040534973145, -0.3037738800048828, -0.39734792709350586, -0.5047280788421631, -0.5400099754333496, -0.6167099475860596, -0.7118179798126221, -0.754770040512085, -0.8130619525909424, -0.771643877029419, -0.3789398670196533, -0.3697359561920166, -0.48785400390625, -0.5323400497436523, -0.5890979766845703, -0.6596620082855225, -0.7179539203643799, -0.7624399662017822, -0.7701098918914795, -0.4050178527832031, -0.3896780014038086, -0.524669885635376, -0.5660879611968994, -0.6059720516204834, -0.6657979488372803, -0.7317600250244141, -0.7440319061279297, -0.828402042388916, -0.44029998779296875, -0.3436579704284668, -0.4847860336303711, -0.5461459159851074, -0.5768260955810547, -0.6412539482116699, -0.7179539203643799, -0.7394299507141113, -0.8222661018371582, -0.6213119029998779, -0.27922987937927246, -0.428027868270874, -0.5216019153594971, -0.5553500652313232, -0.6320500373840332, -0.6995458602905273, -0.7286920547485352, -0.8191978931427002, -0.5875639915466309, -0.33138608932495117, -0.46637797355651855, -0.544611930847168, -0.5798940658569336, -0.6504578590393066, -0.7102839946746826, -0.7256240844726562, -0.8207318782806396, -0.5323400497436523, -0.3298518657684326, -0.48018407821655273, -0.5706899166107178, -0.5890979766845703, -0.638185977935791, -0.7041480541229248, -0.7501680850982666, -0.8145959377288818, -0.678070068359375, -0.3068418502807617, -0.3958139419555664, -0.4939899444580078, -0.5354080200195312, -0.5890979766845703, -0.6642639636993408, -0.7286920547485352, -0.76857590675354, -0.7532360553741455, -0.36820197105407715, -0.37126994132995605, -0.5139319896697998, -0.5492138862609863, -0.6121079921722412, -0.678070068359375, -0.7394299507141113, -0.7639739513397217, -0.828402042388916, -0.4786500930786133, -0.37433791160583496, -0.4970579147338867, -0.5630199909210205, -0.5829620361328125, -0.6473898887634277, -0.694943904876709, -0.7240900993347168, -0.8191978931427002, -0.5936999320983887, -0.3068418502807617, -0.4387660026550293, -0.5338740348815918, -0.5568840503692627, -0.6197779178619385, -0.7026140689849854, -0.748633861541748, -0.8038580417633057, -0.7118179798126221]

Device/SubDeviceList/RAnklePitch/Position/Sensor/Value = [-0.610490083694458, -0.6703159809112549, -0.6442379951477051, -0.6703159809112549, -0.7792301177978516, -0.8482601642608643, -0.9755821228027344, -0.8651340007781982, -0.6120240688323975, -0.6749181747436523, -0.7055981159210205, -0.6488399505615234, -0.6795201301574707, -0.7761621475219727, -0.7899680137634277, -0.931096076965332, -0.536858081817627, -0.4371480941772461, -0.5552661418914795, -0.5951499938964844, -0.5813441276550293, -0.6442379951477051, -0.7194039821624756, -0.7623560428619385, -0.8758721351623535, -0.5322561264038086, -0.460158109664917, -0.5874800682067871, -0.6273641586303711, -0.6074221134185791, -0.6396360397338867, -0.7055981159210205, -0.7378120422363281, -0.8743381500244141, -0.6810541152954102, -0.40953612327575684, -0.5245859622955322, -0.5982179641723633, -0.5844120979309082, -0.6396360397338867, -0.7224719524383545, -0.7730941772460938, -0.8820080757141113, -0.837522029876709, -0.47089600563049316, -0.5092461109161377, -0.6212279796600342, -0.6074221134185791, -0.6258301734924316, -0.704064130783081, -0.7592880725860596, -0.8421239852905273, -0.817579984664917, -0.47396397590637207, -0.477031946182251, -0.5920820236206055, -0.590548038482666, -0.5920820236206055, -0.6641800403594971, -0.7286081314086914, -0.7715599536895752, -0.8712701797485352, -0.4540219306945801, -0.4540219306945801, -0.5736739635467529, -0.5936160087585449, -0.610490083694458, -0.687190055847168, -0.7439479827880859, -0.8068420886993408, -0.8528621196746826, -0.44175004959106445, -0.4923720359802246, -0.5982179641723633, -0.5890140533447266, -0.6258301734924316, -0.6994619369506836, -0.760822057723999, -0.7899680137634277, -0.9126880168914795, -0.5767421722412109, -0.45555615425109863, -0.5920820236206055, -0.6074221134185791, -0.5951499938964844, -0.6519081592559814, -0.7163360118865967, -0.7362780570983887, -0.8758721351623535, -0.6810541152954102, -0.39573001861572266, -0.5184500217437744, -0.6150920391082764, -0.5951499938964844, -0.6411700248718262, -0.7086660861968994, -0.7424139976501465, -0.8896780014038086, -0.6917920112609863, -0.4279439449310303, -0.55373215675354, -0.6381020545959473, -0.6181600093841553, -0.6503739356994629, -0.7224719524383545, -0.7654240131378174, -0.8329200744628906, -0.8636000156402588, -0.49083805084228516, -0.4540219306945801, -0.5660040378570557, -0.5798101425170898, -0.6012859344482422, -0.6703159809112549, -0.740880012512207, -0.760822057723999, -0.8958139419555664, -0.5798101425170898, -0.4570901393890381, -0.5736739635467529, -0.6150920391082764, -0.5982179641723633]

Device/SubDeviceList/LFoot/FSR/CenterOfPressure/Y/Sensor/Value = [0.029899999499320984, 0.015006071887910366, 0.029899997636675835, 0.0, 0.0, 0.029899997636675835, 0.013626615516841412, 0.002293188124895096, 0.0032962036784738302, 0.011381951160728931, -0.013049065135419369, 0.029899999499320984, 0.0, 0.0, 0.029899999499320984, 0.027596477419137955, 0.0028437620494514704, 0.008076980710029602, 0.01919250190258026, 0.010508072562515736, 0.029899999499320984, 0.0, 0.0038928876165300608, 0.008162208832800388, 0.025245262309908867, -0.000500077789183706, 0.020812740549445152, 0.029899997636675835, 0.029899999499320984, 0.029899999499320984, 0.029899997636675835, 0.02694634348154068, 0.009115352295339108, 0.023695368319749832, -0.005020377226173878, 0.008961058221757412, 0.013079683296382427, 0.006662195548415184, 0.029899997636675835, 0.0, 0.029899999499320984, -0.011383065022528172, 0.014645342715084553, 0.0072454228065907955, 0.017027590423822403, 0.029899995774030685, 0.006363153923302889, 0.029899997636675835, 0.0, 0.029899999499320984, -0.017712680622935295, 0.021085890009999275, 0.008717858232557774, 0.008385742083191872, 0.026177991181612015, 0.02308674342930317, 0.029899999499320984, 0.029899999499320984, 0.0, 0.005911838263273239, 0.01683242991566658, 0.011732119135558605, -0.0030146599747240543, -0.014788241125643253, 0.015579864382743835, 0.029899999499320984, 0.029899999499320984, 0.029899999499320984, 0.00988763477653265, 0.012305011041462421, 0.010184459388256073, -0.0023890493903309107, -0.015929143875837326, 0.01600811257958412, 0.029899999499320984, 0.0, 0.029899997636675835, -0.01837126910686493, -0.018433505669236183, 0.01720169186592102, 0.005352065898478031, 0.02266489528119564, 0.028989117592573166, 0.029899999499320984, 0.029899999499320984, 0.029899999499320984, 0.013557313941419125, 0.010301178321242332, 0.026473088189959526, -0.0028411862440407276, 0.005906884558498859, 0.00533308507874608, 0.006578708998858929, 0.029899999499320984, 0.029899997636675835, 0.02129232883453369, 0.008072665892541409, 0.024969814345240593, -0.0040750401094555855, 0.0025158727075904608, 0.010409841313958168, 0.008526427671313286, 0.029899999499320984, 0.029900001361966133, 0.0, 0.00046618416672572494, 0.012500600889325142, 0.006926615722477436, -0.00010857239249162376, -0.01768811047077179, 0.012574349530041218, 0.029899999499320984, 0.029899999499320984, 0.0, -0.019099999219179153, 0.016290726140141487, 0.022696159780025482, 0.004036004655063152, 0.009185914881527424, 0.025586718693375587, 0.029900001361966133, 0.029899999499320984]

Device/SubDeviceList/LAnkleRoll/ElectricCurrent/Sensor/Value = [0.17600001394748688, 0.0, 0.0, 0.09600000083446503, 0.0, 0.01600000075995922, 0.0, 0.0, 0.04800000041723251, 0.04800000041723251, 0.0, 0.0, 0.03200000151991844, 0.0, 0.0, 0.0, 0.0, 0.2880000174045563, 0.09600000083446503, 0.0, 0.19200000166893005, 0.0, 0.0, 0.03200000151991844, 0.0, 0.08000000566244125, 0.01600000075995922, 0.0, 0.0, 0.0, 0.03200000151991844, 0.08000000566244125, 0.01600000075995922, 0.0, 0.2240000069141388, 0.0, 0.0, 0.0, 0.2880000174045563, 0.0, 0.04800000041723251, 0.01600000075995922, 0.0, 0.0, 0.2720000147819519, 0.0, 0.0, 0.09600000083446503, 0.0, 0.03200000151991844, 0.19200000166893005, 0.03200000151991844, 0.2720000147819519, 0.06400000303983688, 0.09600000083446503, 0.01600000075995922, 0.03200000151991844, 0.17600001394748688, 0.03200000151991844, 0.06400000303983688, 0.04800000041723251, 0.0, 0.0, 0.09600000083446503, 0.03200000151991844, 0.0, 0.04800000041723251, 0.06400000303983688, 0.0, 0.1120000034570694, 0.0, 0.1120000034570694, 0.03200000151991844, 0.0, 0.04800000041723251, 0.08000000566244125, 0.2720000147819519, 0.09600000083446503, 0.01600000075995922, 0.0, 0.2240000069141388, 0.2720000147819519, 0.0, 0.0, 0.0, 0.12800000607967377, 0.01600000075995922, 0.0, 0.03200000151991844, 0.0, 0.0, 0.14400000870227814, 0.0, 0.0, 0.0, 0.01600000075995922, 0.04800000041723251, 0.0, 0.14400000870227814, 0.0, 0.0, 0.0, 0.04800000041723251, 0.0, 0.06400000303983688, 0.0, 0.0, 0.2240000069141388, 0.0, 0.0, 0.01600000075995922, 0.1120000034570694, 0.19200000166893005, 0.0, 0.01600000075995922, 0.01600000075995922, 0.04800000041723251, 0.03200000151991844, 0.3360000252723694, 0.0, 0.0, 0.25600001215934753]

Device/SubDeviceList/RKneePitch/Position/Sensor/Value = [1.1674160957336426, 1.1367359161376953, 0.9066357612609863, 0.8360719680786133, 0.8360719680786133, 0.7072160243988037, 1.0646381378173828, 1.389845848083496, 1.199629783630371, 1.222640037536621, 1.1750860214233398, 0.8943638801574707, 0.8376059532165527, 0.8299360275268555, 0.6719338893890381, 1.1781539916992188, 1.2778639793395996, 1.0631041526794434, 1.1474738121032715, 1.0815119743347168, 0.8774900436401367, 0.8544800281524658, 0.8145959377288818, 0.6826720237731934, 1.251786231994629, 1.268660068511963, 1.0769100189208984, 1.1582121849060059, 1.089181900024414, 0.8974318504333496, 0.8544800281524658, 0.8345379829406738, 0.7394299507141113, 0.9864039421081543, 1.3775739669799805, 1.07230806350708, 1.129065990447998, 1.115260124206543, 0.8943638801574707, 0.84527587890625, 0.8376059532165527, 0.754770040512085, 0.8958978652954102, 1.3699040412902832, 1.1091241836547852, 1.1229300498962402, 1.1612801551818848, 0.9541897773742676, 0.8498780727386475, 0.84527587890625, 0.76857590675354, 0.8314700126647949, 1.372972011566162, 1.172018051147461, 1.1045217514038086, 1.155144214630127, 1.0002098083496094, 0.8682861328125, 0.8560140132904053, 0.8099939823150635, 0.7072160243988037, 1.3284859657287598, 1.185823917388916, 1.0999197959899902, 1.1367359161376953, 1.0048117637634277, 0.8575479984283447, 0.8422079086303711, 0.7854499816894531, 0.7624399662017822, 1.3545641899108887, 1.1505417823791504, 1.1259980201721191, 1.1305999755859375, 0.9480538368225098, 0.8468098640441895, 0.8391399383544922, 0.808459997177124, 0.6888079643249512, 1.2778639793395996, 1.2640581130981445, 1.0646381378173828, 1.1628141403198242, 1.075376033782959, 0.8744220733642578, 0.8544800281524658, 0.8222661018371582, 0.6903419494628906, 1.089181900024414, 1.362234115600586, 1.0508317947387695, 1.129065990447998, 1.1213960647583008, 0.8928298950195312, 0.8529460430145264, 0.8345379829406738, 0.6980118751525879, 1.1167941093444824, 1.362234115600586, 1.0799779891967773, 1.149007797241211, 1.1444058418273926, 0.9357819557189941, 0.8437418937683105, 0.8345379829406738, 0.7808480262756348, 0.7655079364776611, 1.3376898765563965, 1.1766200065612793, 1.1075901985168457, 1.1352019309997559, 0.9695301055908203, 0.8575479984283447, 0.8514120578765869, 0.8176639080047607, 0.6796040534973145, 1.208834171295166, 1.2855339050292969, 1.0738420486450195, 1.1505417823791504, 1.0907158851623535, 0.8882279396057129]

Device/SubDeviceList/LAnklePitch/ElectricCurrent/Sensor/Value = [0.4960000216960907, 0.1120000034570694, 0.0, 1.2960000038146973, 0.30400002002716064, 0.5760000348091125, 0.7040000557899475, 1.040000081062317, 0.0, 0.2240000069141388, 0.0, 0.8160000443458557, 0.06400000303983688, 0.03200000151991844, 0.48000001907348633, 0.5760000348091125, 0.0, 0.08000000566244125, 0.2880000174045563, 0.09600000083446503, 0.01600000075995922, 0.06400000303983688, 0.4960000216960907, 0.0, 0.4480000138282776, 0.5440000295639038, 0.0, 0.4320000112056732, 0.04800000041723251, 0.09600000083446503, 1.312000036239624, 0.04800000041723251, 0.2240000069141388, 0.25600001215934753, 0.320000022649765, 0.12800000607967377, 0.0, 0.01600000075995922, 1.808000087738037, 0.2720000147819519, 0.30400002002716064, 0.0, 0.3680000305175781, 0.4960000216960907, 0.0, 0.0, 0.0, 1.2000000476837158, 0.0, 0.0, 0.14400000870227814, 0.6080000400543213, 0.41600000858306885, 0.3360000252723694, 0.0, 0.5120000243186951, 0.0, 0.12800000607967377, 0.9760000705718994, 0.0, 0.1600000113248825, 0.41600000858306885, 0.4000000059604645, 0.0, 0.5600000023841858, 0.7360000610351562, 0.0, 0.0, 0.1120000034570694, 0.3840000033378601, 0.4320000112056732, 0.0, 0.2720000147819519, 0.03200000151991844, 0.0, 0.0, 0.0, 0.06400000303983688, 0.7360000610351562, 0.4320000112056732, 0.30400002002716064, 0.0, 0.3840000033378601, 0.12800000607967377, 0.01600000075995922, 0.0, 0.0, 0.0, 0.4960000216960907, 0.4320000112056732, 0.0, 0.0, 0.12800000607967377, 0.0, 0.0, 0.19200000166893005, 0.0, 0.7200000286102295, 0.48000001907348633, 0.0, 0.0, 0.0, 0.8960000276565552, 0.17600001394748688, 0.03200000151991844, 0.4960000216960907, 0.5440000295639038, 0.5600000023841858, 0.4960000216960907, 0.0, 0.25600001215934753, 0.0, 0.0, 0.14400000870227814, 0.0, 0.0, 0.320000022649765, 0.48000001907348633, 0.41600000858306885, 0.4320000112056732, 0.0, 0.0]

Device/SubDeviceList/LHipYawPitch/ElectricCurrent/Sensor/Value = [0.19200000166893005, 0.01600000075995922, 0.0, 0.2720000147819519, 0.0, 0.0, 0.2240000069141388, 0.0, 0.1120000034570694, 0.0, 0.0, 0.0, 0.20800000429153442, 0.0, 0.4480000138282776, 0.19200000166893005, 0.0, 0.3840000033378601, 0.30400002002716064, 0.08000000566244125, 0.0, 0.0, 0.46400001645088196, 0.0, 0.3840000033378601, 0.0, 0.24000000953674316, 0.24000000953674316, 0.4480000138282776, 0.0, 0.1600000113248825, 0.0, 0.0, 0.24000000953674316, 0.0, 0.2720000147819519, 0.0, 0.20800000429153442, 0.0, 0.0, 0.17600001394748688, 0.14400000870227814, 0.1600000113248825, 0.25600001215934753, 0.14400000870227814, 0.2720000147819519, 0.2720000147819519, 0.14400000870227814, 0.4480000138282776, 0.0, 0.19200000166893005, 0.0, 0.03200000151991844, 0.0, 0.19200000166893005, 0.3360000252723694, 0.12800000607967377, 0.01600000075995922, 0.04800000041723251, 0.0, 0.0, 0.12800000607967377, 0.2240000069141388, 0.3360000252723694, 0.1600000113248825, 0.30400002002716064, 0.0, 0.1600000113248825, 0.46400001645088196, 0.0, 0.14400000870227814, 0.14400000870227814, 0.0, 0.2720000147819519, 0.12800000607967377, 0.0, 0.14400000870227814, 0.4480000138282776, 0.01600000075995922, 0.3680000305175781, 0.0, 0.2720000147819519, 0.2880000174045563, 0.35200002789497375, 0.0, 0.04800000041723251, 0.0, 0.20800000429153442, 0.19200000166893005, 0.0, 0.30400002002716064, 0.20800000429153442, 0.08000000566244125, 0.0, 0.14400000870227814, 0.19200000166893005, 0.24000000953674316, 0.1120000034570694, 0.24000000953674316, 0.17600001394748688, 0.12800000607967377, 0.12800000607967377, 0.0, 0.17600001394748688, 0.320000022649765, 0.03200000151991844, 0.0, 0.09600000083446503, 0.1600000113248825, 0.20800000429153442, 0.19200000166893005, 0.24000000953674316, 0.0, 0.14400000870227814, 0.09600000083446503, 0.01600000075995922, 0.2240000069141388, 0.0, 0.14400000870227814, 0.2880000174045563, 0.06400000303983688, 0.0]

Device/SubDeviceList/RKneePitch/ElectricCurrent/Sensor/Value = [0.03200000151991844, 1.568000078201294, 1.055999994277954, 0.25600001215934753, 0.7040000557899475, 0.09600000083446503, 0.0, 0.0, 0.0, 0.1600000113248825, 1.7440000772476196, 0.8480000495910645, 0.1120000034570694, 0.800000011920929, 0.0, 0.19200000166893005, 0.0, 0.0, 0.12800000607967377, 0.9120000600814819, 0.4480000138282776, 0.48000001907348633, 0.6240000128746033, 1.3920000791549683, 0.5760000348091125, 0.0, 0.0, 0.19200000166893005, 0.9760000705718994, 0.8800000548362732, 0.5600000023841858, 0.2880000174045563, 0.7680000066757202, 0.1120000034570694, 0.04800000041723251, 0.0, 0.0, 2.080000162124634, 0.6080000400543213, 0.48000001907348633, 0.784000039100647, 0.7680000066757202, 0.0, 0.0, 0.0, 0.01600000075995922, 0.9440000653266907, 1.1360000371932983, 0.25600001215934753, 0.5760000348091125, 0.64000004529953, 0.0, 0.0, 0.0, 0.0, 0.6080000400543213, 0.5760000348091125, 0.5760000348091125, 0.5120000243186951, 0.656000018119812, 0.7520000338554382, 0.06400000303983688, 0.01600000075995922, 0.5760000348091125, 0.41600000858306885, 0.9920000433921814, 0.4960000216960907, 0.527999997138977, 0.7200000286102295, 0.4320000112056732, 0.01600000075995922, 0.01600000075995922, 0.35200002789497375, 0.8160000443458557, 0.5120000243186951, 0.48000001907348633, 0.4960000216960907, 0.7520000338554382, 1.4720001220703125, 0.0, 0.0, 0.03200000151991844, 0.2880000174045563, 1.840000033378601, 0.656000018119812, 0.5600000023841858, 0.46400001645088196, 0.48000001907348633, 0.09600000083446503, 0.12800000607967377, 0.64000004529953, 0.0, 1.808000087738037, 0.800000011920929, 0.6720000505447388, 0.30400002002716064, 0.4480000138282776, 0.0, 0.0, 1.2000000476837158, 0.0, 1.6320000886917114, 1.0080000162124634, 0.3360000252723694, 0.5760000348091125, 0.5920000076293945, 0.5440000295639038, 0.6080000400543213, 0.0, 0.0, 0.20800000429153442, 0.7520000338554382, 0.5440000295639038, 0.527999997138977, 0.9280000329017639, 0.0, 0.04800000041723251, 0.06400000303983688, 0.0, 0.2720000147819519, 1.968000054359436, 1.0080000162124634]

Device/SubDeviceList/InertialSensor/GyroscopeZ/Sensor/Value = [0.09853696078062057, 0.06151902303099632, -0.6948187351226807, 0.04420847445726395, 0.024767398834228516, -0.13022857904434204, 0.27110978960990906, 0.0902811661362648, -0.5669869780540466, -0.6737797856330872, 0.19707392156124115, -0.35712990164756775, 0.34700989723205566, -0.21145498752593994, -0.06444849818944931, 0.21651500463485718, -0.3004045784473419, -0.4165183901786804, 0.2932140529155731, -0.10466223210096359, -0.05512743443250656, 0.4687163531780243, -0.18269285559654236, -0.07270430028438568, 0.8588694930076599, -0.16777914762496948, -0.2484729290008545, 0.1949433982372284, -0.06524744629859924, -0.29401299357414246, 0.19840550422668457, -0.10359697043895721, -0.08761800080537796, -0.07510114461183548, 0.02689792774617672, -0.33555829524993896, -0.19520971179008484, 0.13821806013584137, -0.707868218421936, 0.13262543082237244, -0.041545312851667404, -0.21278657019138336, 0.047936901450157166, 0.38003310561180115, -0.26924559473991394, -0.3653857111930847, 0.16591493785381317, -0.4982774555683136, 0.15499597787857056, 0.005060005933046341, -0.3526025414466858, 0.052197959274053574, 0.3262372314929962, -0.04953479766845703, -0.3587278127670288, 0.022370554506778717, -0.2689792811870575, 0.5912217497825623, 0.3182477653026581, -0.260989785194397, 0.006924218963831663, 0.7342334985733032, -0.17603495717048645, -0.29454562067985535, 0.08096009492874146, 0.03009372018277645, 0.5968143939971924, 0.10599381476640701, -0.19654129445552826, -0.004793690051883459, 0.304399311542511, -0.2585929334163666, -0.17230652272701263, 0.1992044597864151, -0.16618125140666962, 0.353934109210968, 0.24394555389881134, -0.21385183930397034, -0.043409526348114014, 0.4045341908931732, -0.04127899929881096, -0.44368264079093933, 0.23089607059955597, -0.22477079927921295, 0.49082058668136597, 0.33023199439048767, -0.1462075412273407, -0.11025486886501312, -0.11531487852334976, -0.09853696078062057, -0.38376152515411377, -0.04314320906996727, 0.05992112681269646, -0.8567389249801636, 0.25486451387405396, -0.12330435961484909, -0.052197959274053574, -0.009587380103766918, -0.09720537811517715, -0.3699130713939667, -0.26738137006759644, 0.12836436927318573, -0.7566040754318237, 0.07723167538642883, 0.08575379103422165, -0.23142869770526886, 0.017044231295585632, 0.3273025155067444, -0.1395496428012848, -0.20532973110675812, -0.14966966211795807, 0.022903185337781906, 0.5286374688148499, 0.2990730106830597, -0.14114753901958466, -0.01810949668288231, 0.5824333429336548, -0.1733717918395996, -0.44288370013237, 0.22477079927921295, -0.06551376730203629, -0.05699164792895317]

Device/SubDeviceList/InertialSensor/AngleZ/Sensor/Value = [1.6697381734848022, 1.6808594465255737, 1.6524808406829834, 1.667820692062378, 1.7019517421722412, 1.6660948991775513, 1.6904468536376953, 1.742985725402832, 1.7090463638305664, 1.6254444122314453, 1.6465367078781128, 1.6101046800613403, 1.6599589586257935, 1.6626434326171875, 1.6246774196624756, 1.6520973443984985, 1.6808594465255737, 1.6308133602142334, 1.63253915309906, 1.637716293334961, 1.577507495880127, 1.6225682497024536, 1.6137478351593018, 1.5982162952423096, 1.6196919679641724, 1.6273618936538696, 1.5936143398284912, 1.591888666152954, 1.5938060283660889, 1.5577574968338013, 1.5941895246505737, 1.6078037023544312, 1.583451747894287, 1.5759735107421875, 1.6171993017196655, 1.5893958806991577, 1.5543060302734375, 1.5644687414169312, 1.5324468612670898, 1.5600584745407104, 1.578082799911499, 1.5577574968338013, 1.555456519126892, 1.599750280380249, 1.591696858406067, 1.5349395275115967, 1.5495123863220215, 1.5207502841949463, 1.529378890991211, 1.555456519126892, 1.528995394706726, 1.5276532173156738, 1.5652357339859009, 1.5556483268737793, 1.520941972732544, 1.5217089653015137, 1.5171070098876953, 1.4939055442810059, 1.526694416999817, 1.5138473510742188, 1.5023424625396729, 1.5257357358932495, 1.520941972732544, 1.4820172786712646, 1.4739638566970825, 1.4816337823867798, 1.4649516344070435, 1.4979323148727417, 1.4799079895019531, 1.4703205823898315, 1.4977405071258545, 1.4814419746398926, 1.4484614133834839, 1.4386823177337646, 1.4361895322799683, 1.4336968660354614, 1.4593909978866577, 1.4490365982055664, 1.4323545694351196, 1.453830361366272, 1.4737720489501953, 1.432162880897522, 1.422767162322998, 1.4195075035095215, 1.375022053718567, 1.4114540815353394, 1.4099200963974, 1.3920875787734985, 1.3886361122131348, 1.4202744960784912, 1.3890196084976196, 1.3738715648651123, 1.3817331790924072, 1.3456846475601196, 1.3848011493682861, 1.3951555490493774, 1.3704200983047485, 1.3685026168823242, 1.4045511484146118, 1.3742550611495972, 1.34491765499115, 1.347602128982544, 1.3219079971313477, 1.3347550630569458, 1.3639006614685059, 1.348177433013916, 1.341849684715271, 1.371954083442688, 1.3569978475570679, 1.3293861150741577, 1.3173060417175293, 1.3288109302520752, 1.3117454051971436, 1.34491765499115, 1.3357138633728027, 1.3173060417175293, 1.3330293893814087, 1.35086190700531, 1.315963864326477, 1.3117454051971436, 1.3169225454330444, 1.2751215696334839]

Device/SubDeviceList/InertialSensor/AccelerometerY/Sensor/Value = [0.4598437547683716, -1.6573536396026611, 0.7568262219429016, 2.7399024963378906, 2.7686426639556885, 4.109853744506836, -2.126777410507202, -1.1496094465255737, -1.2454102039337158, 0.6993457078933716, -1.1496094465255737, 2.9698243141174316, 1.4370118379592896, 2.126777410507202, 3.10394549369812, -2.38543963432312, -0.8813672065734863, -1.3795312643051147, -1.0346485376358032, 0.3736230731010437, 2.5387208461761475, 1.9447559118270874, 1.2741504907608032, 1.31247079372406, 0.7185059189796448, -0.5939648747444153, -0.42152345180511475, -0.18202149868011475, 1.101709008216858, 3.0752053260803223, 2.39501953125, 2.8261232376098633, 0.7855664491653442, -0.31614258885383606, -2.184257984161377, -1.1304492950439453, 1.686093807220459, -1.0346485376358032, 0.8047266006469727, 1.79147469997406, 0.967587947845459, 3.113525629043579, 0.9292676448822021, -2.4908204078674316, -1.7723145484924316, 0.53648442029953, -0.08622070401906967, 4.243974685668945, 2.5770411491394043, 1.9830762147903442, 3.0368847846984863, 0.9196875095367432, -2.5387208461761475, -1.3795312643051147, -1.063388705253601, 0.6131250262260437, 2.7399024963378906, 1.5232324600219727, 1.8776954412460327, 1.4753321409225464, 1.542392611503601, -1.55197274684906, -0.4790039360523224, -0.3353027403354645, 0.2395019680261612, 1.6094532012939453, 1.5040723085403442, 2.193837881088257, 0.9292676448822021, 1.4944922924041748, -1.063388705253601, -0.31614258885383606, -0.9484277963638306, -0.5939648747444153, 1.2741504907608032, 1.2358301877975464, 2.5291407108306885, 3.410507917404175, 2.126777410507202, 0.5077441334724426, -0.29698243737220764, -1.6381934881210327, -1.2837305068969727, 0.7089257836341858, 2.5291407108306885, 1.197509765625, 0.5460644960403442, 1.1496094465255737, -1.7244141101837158, -0.5843847990036011, -1.6190332174301147, 1.590293049812317, -0.3544628918170929, 2.2704787254333496, 1.2549903392791748, 1.6094532012939453, 0.8430469036102295, -2.7399024963378906, -0.9867480993270874, -0.14370118081569672, 3.113525629043579, -0.53648442029953, 0.4790039360523224, 2.155517578125, 1.7435742616653442, 2.2800586223602295, 0.8909472823143005, -0.7089257836341858, -1.4657520055770874, -2.38543963432312, 0.6322851777076721, 3.0464649200439453, 2.2321581840515137, 1.686093807220459, 2.2800586223602295, 1.5998730659484863, -0.16286133229732513, -1.063388705253601, -1.6573536396026611, -0.3736230731010437, 1.1208691596984863, 3.573369264602661]

Device/SubDeviceList/RAnkleRoll/Position/Sensor/Value = [0.013848066329956055, -0.11654210090637207, -0.18557214736938477, -0.21625208854675293, -0.13955211639404297, 0.029187917709350586, 0.11509203910827637, 0.1534419059753418, 0.0813438892364502, -0.04137611389160156, -0.13955211639404297, -0.1748340129852295, -0.16409611701965332, -0.05364799499511719, 0.11662602424621582, 0.15190792083740234, 0.23014187812805176, 0.17491793632507324, 0.0123138427734375, -0.08893013000488281, -0.10733795166015625, -0.06438612937927246, 0.07213997840881348, 0.20406389236450195, 0.1733839511871338, 0.257753849029541, 0.16724801063537598, 0.015382051467895508, -0.09353208541870117, -0.11961007118225098, -0.10120201110839844, -0.0030260086059570312, 0.12582993507385254, 0.16878199577331543, 0.2224719524383545, 0.1043539047241211, -0.013764142990112305, -0.1288139820098877, -0.16716408729553223, -0.17023205757141113, -0.11807608604431152, 0.042994022369384766, 0.1565098762512207, 0.17491793632507324, 0.20713186264038086, 0.11202406883239746, -0.056715965270996094, -0.1318819522857666, -0.1487560272216797, -0.09966802597045898, 0.05986785888671875, 0.17031598091125488, 0.17184996604919434, 0.2286078929901123, 0.13810205459594727, -0.029103994369506836, -0.1058039665222168, -0.12421202659606934, -0.07359004020690918, 0.038392066955566406, 0.16878199577331543, 0.17184996604919434, 0.19792795181274414, 0.08287787437438965, -0.06592011451721191, -0.12267804145812988, -0.12421202659606934, -0.06438612937927246, 0.07827591896057129, 0.17031598091125488, 0.16878199577331543, 0.1503739356994629, 0.03225588798522949, -0.11500811576843262, -0.16563010215759277, -0.17943596839904785, -0.1548919677734375, -0.019900083541870117, 0.10588788986206055, 0.14117002487182617, 0.2255399227142334, 0.17491793632507324, 4.1961669921875e-05, -0.09813404083251953, -0.11500811576843262, -0.08125996589660645, 0.02151799201965332, 0.16571402549743652, 0.16878199577331543, 0.2316758632659912, 0.15497589111328125, 0.018450021743774414, -0.09506607055664062, -0.12421202659606934, -0.09046411514282227, -0.0030260086059570312, 0.15804386138916016, 0.16111207008361816, 0.23474407196044922, 0.1365680694580078, 0.007711887359619141, -0.1088719367980957, -0.1487560272216797, -0.14262008666992188, -0.08739614486694336, 0.0614018440246582, 0.16724801063537598, 0.16111207008361816, 0.18565607070922852, 0.05373191833496094, -0.06898808479309082, -0.15029001235961914, -0.15949392318725586, -0.13034796714782715, -0.015298128128051758, 0.12582993507385254, 0.15804386138916016, 0.23627805709838867, 0.1534419059753418, 0.007711887359619141, -0.0858621597290039, -0.11500811576843262]

Device/SubDeviceList/RAnklePitch/ElectricCurrent/Sensor/Value = [0.0, 0.656000018119812, 0.5440000295639038, 0.6720000505447388, 0.4480000138282776, 0.5440000295639038, 0.0, 0.0, 0.0, 0.24000000953674316, 0.8640000224113464, 0.656000018119812, 0.48000001907348633, 0.6240000128746033, 0.0, 0.0, 0.04800000041723251, 0.20800000429153442, 0.46400001645088196, 0.7520000338554382, 0.5600000023841858, 0.6240000128746033, 0.0, 0.0, 0.08000000566244125, 0.08000000566244125, 0.25600001215934753, 0.17600001394748688, 0.6880000233650208, 0.64000004529953, 0.4320000112056732, 0.0, 0.320000022649765, 0.03200000151991844, 0.0, 0.12800000607967377, 0.2240000069141388, 0.6720000505447388, 0.5920000076293945, 0.7680000066757202, 0.48000001907348633, 0.5920000076293945, 0.1600000113248825, 0.0, 0.4000000059604645, 0.17600001394748688, 0.08000000566244125, 0.7040000557899475, 0.46400001645088196, 0.5600000023841858, 0.4000000059604645, 0.1120000034570694, 0.0, 0.1600000113248825, 0.24000000953674316, 0.24000000953674316, 0.5440000295639038, 0.3360000252723694, 0.7200000286102295, 0.30400002002716064, 0.01600000075995922, 0.0, 0.3360000252723694, 0.3840000033378601, 0.1120000034570694, 0.7680000066757202, 0.64000004529953, 0.5760000348091125, 0.24000000953674316, 0.03200000151991844, 0.0, 0.0, 0.19200000166893005, 0.01600000075995922, 0.9600000381469727, 0.5760000348091125, 0.784000039100647, 0.5440000295639038, 0.0, 0.0, 0.0, 0.19200000166893005, 0.41600000858306885, 0.5920000076293945, 0.320000022649765, 0.6240000128746033, 0.0, 0.12800000607967377, 0.0, 0.14400000870227814, 0.0, 0.30400002002716064, 0.41600000858306885, 0.6880000233650208, 0.5760000348091125, 0.0, 0.01600000075995922, 0.03200000151991844, 0.0, 0.0, 0.2720000147819519, 0.46400001645088196, 0.5920000076293945, 0.7360000610351562, 0.7360000610351562, 0.2720000147819519, 0.0, 0.03200000151991844, 0.0, 0.2880000174045563, 0.1120000034570694, 0.656000018119812, 0.527999997138977, 0.5440000295639038, 0.4000000059604645, 0.17600001394748688, 0.0, 0.0, 0.25600001215934753, 0.320000022649765, 0.5760000348091125, 0.7200000286102295]

Device/SubDeviceList/InertialSensor/AccelerometerX/Sensor/Value = [-1.3220508098602295, -1.456171989440918, -0.5556445717811584, -1.4370118379592896, -1.1496094465255737, -1.5998730659484863, 4.90500020980835, 4.454736709594727, 0.22034180164337158, -0.16286133229732513, -2.845283269882202, -1.07296884059906, -0.6131250262260437, -0.7472461462020874, -1.3220508098602295, -0.7472461462020874, 0.07664062827825546, -1.6765137910842896, -2.1076173782348633, -2.0405566692352295, 0.6035449504852295, -0.18202149868011475, -0.07664062827825546, -1.2837305068969727, 1.0538086891174316, -0.7855664491653442, -0.7472461462020874, 0.06706055253744125, -0.9963281750679016, -0.9963281750679016, 0.06706055253744125, -0.40236330032348633, -0.43110352754592896, 1.7435742616653442, 0.03832031413912773, -0.10538086295127869, -1.3891113996505737, -2.0980372428894043, -1.111289143562317, -0.9005273580551147, -0.22034180164337158, -1.4753321409225464, -0.2395019680261612, 2.2321581840515137, 0.3448828160762787, -2.2608985900878906, -1.8393750190734863, -0.28740236163139343, -2.14593768119812, 0.07664062827825546, -0.44068360328674316, -0.9292676448822021, -1.0059082508087158, -0.31614258885383606, -0.6131250262260437, -1.7531543970108032, -1.302890658378601, 0.7664062976837158, 1.302890658378601, -0.29698243737220764, -1.207089900970459, -1.0921289920806885, -0.1245410218834877, -0.009580078534781933, -1.2454102039337158, -1.3316309452056885, -0.3927832245826721, 0.6131250262260437, 0.22034180164337158, -1.9160157442092896, 1.3986914157867432, 0.3448828160762787, -0.32572266459465027, -1.8681153059005737, 1.0538086891174316, 1.6381934881210327, -0.14370118081569672, -1.350791096687317, -1.0059082508087158, -1.935175895690918, 0.7951465249061584, -1.446591854095459, -1.3986914157867432, -1.9926563501358032, 0.9388477206230164, 0.2778222858905792, 0.28740236163139343, -1.4082715511322021, 0.3927832245826721, -0.18202149868011475, -0.6418652534484863, -0.6801855564117432, -0.3832031488418579, 0.14370118081569672, 0.17244140803813934, -0.5652246475219727, -1.4944922924041748, -0.1149609386920929, 1.1783496141433716, -1.1687695980072021, -0.8813672065734863, -1.8010547161102295, -1.1687695980072021, 0.9771680235862732, -0.9388477206230164, -0.4790039360523224, -0.8717871308326721, -0.17244140803813934, -0.14370118081569672, 0.967587947845459, -1.31247079372406, 1.5136524438858032, 1.0825488567352295, 1.7339942455291748, -0.7089257836341858, -1.1591894626617432, 1.350791096687317, 0.8430469036102295, -0.9484277963638306, -1.2837305068969727, -1.6286133527755737, -1.55197274684906]

Device/SubDeviceList/InertialSensor/GyroscopeY/Sensor/Value = [-0.243146613240242, -0.17070862650871277, 0.1304948925971985, 0.11531487852334976, 0.1858886480331421, -0.031158985570073128, 0.7957525253295898, -0.24820661544799805, -0.7635282874107361, 0.006125270389020443, -0.39814257621765137, 0.24900557100772858, 0.3344930410385132, 0.09880328178405762, -0.10439591854810715, 0.5419532656669617, -0.347808837890625, -0.5659217238426208, -0.15259912610054016, 0.32943302392959595, 0.34141725301742554, 0.23675502836704254, -0.34807515144348145, -0.3182477653026581, 0.5882923007011414, 0.11824435740709305, -0.34621095657348633, -0.14194649457931519, 0.22956448793411255, 0.17470337450504303, 0.11957593262195587, 0.030892670154571533, -0.4266384243965149, 0.12836436927318573, 0.2111886739730835, -0.33475935459136963, 0.20612867176532745, -0.07270430028438568, 0.5731122493743896, 0.24501082301139832, -0.1203748807311058, -0.21012341976165771, 0.2966761589050293, 0.038615837693214417, -0.5382248759269714, -0.2087918370962143, 0.0034621094819158316, 0.5305017232894897, 0.1432780623435974, 0.07004113495349884, -0.399474173784256, 0.12436962872743607, 0.22770027816295624, -0.2676476836204529, -0.37390783429145813, -0.061785340309143066, 0.27643612027168274, -0.10253170132637024, 0.14993597567081451, -0.11744540929794312, -0.34514567255973816, 0.6053365468978882, -0.2932140529155731, -0.21758025884628296, -0.3238403797149658, 0.37470677495002747, 0.01757686398923397, -0.04713795334100723, -0.18402443826198578, -0.2292981743812561, 0.391218364238739, -0.32117724418640137, -0.1834917962551117, -0.2814961373806, 0.6538060307502747, 0.058589544147253036, -0.12436962872743607, -0.25007084012031555, 0.004261057823896408, 0.8306399583816528, -0.20000340044498444, -0.5331648588180542, -0.17656758427619934, 0.24714136123657227, -0.05246427282691002, 0.17843179404735565, -0.07723167538642883, -0.3882888853549957, 0.3422161936759949, 0.0487358495593071, -0.3051982522010803, -0.19334550201892853, -0.04713795334100723, 0.4844290018081665, 0.13209278881549835, -0.06444849818944931, -0.37710362672805786, 0.46365636587142944, 0.12064120173454285, -0.34700989723205566, -0.0007989483419805765, -0.15632756054401398, 0.7811051607131958, 0.09800432622432709, -0.11158645153045654, -0.18455706536769867, 0.09800432622432709, 0.05512743443250656, -0.3267698585987091, -0.243146613240242, -0.28069719672203064, 0.29694247245788574, 0.10626012831926346, -0.061785340309143066, -0.22956448793411255, -0.11291803419589996, 0.718254566192627, -0.2149171084165573, -0.44261738657951355, -0.15606124699115753, 0.1227717250585556, 0.1805623322725296]

Device/SubDeviceList/RHipRoll/Position/Sensor/Value = [-0.14262008666992188, 0.0123138427734375, 0.03685808181762695, 0.07520794868469238, 0.1043539047241211, -0.013764142990112305, -0.1809699535369873, -0.2561359405517578, -0.19631004333496094, -0.08893013000488281, 0.03225588798522949, 0.04146003723144531, 0.05066394805908203, 0.056799888610839844, -0.09660005569458008, -0.2208540439605713, -0.31136012077331543, -0.25153398513793945, -0.15335798263549805, -0.022968053817749023, 4.1961669921875e-05, -0.0060939788818359375, -0.033705949783325195, -0.20858192443847656, -0.31749606132507324, -0.3573801517486572, -0.25766992568969727, -0.1349501609802246, -0.019900083541870117, 0.0015759468078613281, 0.007711887359619141, -0.009161949157714844, -0.11807608604431152, -0.230057954788208, -0.31442809104919434, -0.24079608917236328, -0.10733795166015625, 0.033789873123168945, 0.042994022369384766, 0.04912996292114258, 0.047595977783203125, -0.04904603958129883, -0.17943596839904785, -0.28835010528564453, -0.29448604583740234, -0.24079608917236328, -0.06438612937927246, -0.009161949157714844, 0.02611994743347168, 0.018450021743774414, -0.052114009857177734, -0.18710613250732422, -0.2990880012512207, -0.309826135635376, -0.23772811889648438, -0.09199810028076172, -0.024502038955688477, 0.007711887359619141, 0.0031099319458007812, -0.033705949783325195, -0.17330002784729004, -0.289884090423584, -0.3052239418029785, -0.19170808792114258, -0.05364799499511719, 0.010779857635498047, 0.019984006881713867, -0.007627964019775391, -0.052114009857177734, -0.2009119987487793, -0.30675792694091797, -0.30675792694091797, -0.17176604270935059, 4.1961669921875e-05, 0.03685808181762695, 0.05526590347290039, 0.042994022369384766, 0.027653932571411133, -0.13034796714782715, -0.24846601486206055, -0.31749606132507324, -0.24846601486206055, -0.12267804145812988, -0.02603602409362793, -0.0014920234680175781, 4.1961669921875e-05, -0.022968053817749023, -0.1518239974975586, -0.25460195541381836, -0.33743810653686523, -0.25460195541381836, -0.14415407180786133, 0.0031099319458007812, 0.013848066329956055, 0.010779857635498047, -0.018366098403930664, -0.16563010215759277, -0.25766992568969727, -0.33437013626098633, -0.2469320297241211, -0.1318819522857666, -0.0060939788818359375, 0.029187917709350586, 0.038392066955566406, 0.004643917083740234, -0.04444408416748047, -0.19017410278320312, -0.28374814987182617, -0.289884090423584, -0.1748340129852295, -0.042910099029541016, 0.02611994743347168, 0.04146003723144531, 0.03072190284729004, 0.02151799201965332, -0.14262008666992188, -0.25, -0.3313021659851074, -0.24233007431030273, -0.12727999687194824, -0.022968053817749023, 0.0015759468078613281]

Device/SubDeviceList/InertialSensor/AccelerometerZ/Sensor/Value = [-11.381133079528809, -9.695039749145508, -8.641230583190918, -10.605147361755371, -8.976533889770508, -10.758428573608398, -13.469590187072754, -8.219707489013672, -11.496094703674316, -10.0495023727417, -10.691368103027344, -9.627979278564453, -10.423125267028809, -7.922724723815918, -9.43637752532959, -15.021563529968262, -8.669971466064453, -11.371553421020508, -12.099638938903809, -10.174043655395508, -7.520361423492432, -10.547666549682617, -8.171807289123535, -9.378896713256836, -6.993457317352295, -8.296347618103027, -11.409873962402344, -10.298583984375, -10.183623313903809, -10.269844055175781, -11.170372009277344, -7.386240482330322, -10.815908432006836, -9.886641502380371, -12.07089900970459, -9.91538143157959, -12.588223457336426, -9.896221160888672, -9.254355430603027, -9.398056983947754, -10.7680082321167, -11.074570655822754, -10.16446304321289, -11.0075101852417, -9.235196113586426, -11.304492950439453, -9.120234489440918, -11.994257926940918, -12.262500762939453, -10.892549514770508, -10.509346008300781, -10.356064796447754, -11.563155174255371, -10.432705879211426, -10.05908203125, -9.92496109008789, -12.674444198608398, -9.139394760131836, -10.64346694946289, -10.26026439666748, -9.896221160888672, -8.593330383300781, -10.432705879211426, -10.126143455505371, -9.580078125, -11.572734832763672, -10.298583984375, -10.5285062789917, -10.336904525756836, -10.796748161315918, -6.8689165115356445, -10.5285062789917, -10.614727020263672, -10.317744255065918, -12.013418197631836, -7.702383041381836, -11.812236785888672, -11.467353820800781, -9.120234489440918, -7.711963176727295, -10.63388729095459, -11.611055374145508, -10.566826820373535, -9.857900619506836, -6.849756240844727, -9.024434089660645, -8.382568359375, -10.605147361755371, -12.128379821777344, -10.605147361755371, -9.3309965133667, -10.16446304321289, -9.666298866271973, -8.765771865844727, -7.989785671234131, -9.235196113586426, -9.67587947845459, -14.188096046447754, -9.129815101623535, -10.5285062789917, -8.440049171447754, -10.442285537719727, -10.250683784484863, -8.497529983520508, -10.844649314880371, -10.777587890625, -10.298583984375, -8.229287147521973, -10.796748161315918, -10.298583984375, -10.011181831359863, -11.955938339233398, -9.91538143157959, -10.451866149902344, -12.090059280395508, -10.576406478881836, -9.43637752532959, -10.5285062789917, -10.63388729095459, -11.294912338256836, -10.0495023727417, -9.503437995910645]

