
Description:
----------




Gait parameters:
----------

MaxStepX = 0.0507531903808
TorsoWy = -0.122173048556
TorsoWx = 0.0634260081864
StepHeight = 0.0221276590799
Stiffness = 0.0340425531915
MaxStepTheta = 0.0599313529761
MaxStepY = 0.134265956964
MaxStepFrequency = 0.063829787234


Stats:
----------

average_speed = 0.27696722367
final_displacement = 4.17714043118
elapsed_time = 15.0817139149


Sensor values:
----------

times = [0.04686403274536133, 0.22897601127624512, 0.3445408344268799, 0.45853090286254883, 0.5813329219818115, 0.698901891708374, 0.8185899257659912, 0.9332349300384521, 1.0487699508666992, 1.173102855682373, 1.2967019081115723, 1.4039440155029297, 1.5127968788146973, 1.6118969917297363, 1.7437820434570312, 1.8610188961029053, 1.9763970375061035, 2.0962820053100586, 2.2184879779815674, 2.3226189613342285, 2.437237024307251, 2.564229965209961, 2.6722068786621094, 2.7832870483398438, 2.8983168601989746, 3.0191469192504883, 3.1315438747406006, 3.245789051055908, 3.3657329082489014, 3.4870569705963135, 3.6062610149383545, 3.7265288829803467, 3.8419158458709717, 3.9604990482330322, 4.070994853973389, 4.191287040710449, 4.30771803855896, 4.430384874343872, 4.547497987747192, 4.665444850921631, 4.780781984329224, 4.889631032943726, 5.00675892829895, 5.123865842819214, 5.241399049758911, 5.350183963775635, 5.46639084815979, 5.570373058319092, 5.689579963684082, 5.812084913253784, 5.9250500202178955, 6.042651891708374, 6.1538050174713135, 6.273558855056763, 6.392964839935303, 6.510746002197266, 6.6334228515625, 6.764441967010498, 6.880967855453491, 7.007328987121582, 7.117599964141846, 7.233219861984253, 7.345324993133545, 7.458765029907227, 7.569035053253174, 7.690517902374268, 7.818860054016113, 7.9348108768463135, 8.054019927978516, 8.169453859329224, 8.308976888656616, 8.429550886154175, 8.552450895309448, 8.689028024673462, 8.818593978881836, 8.94542384147644, 9.071070909500122, 9.186593055725098, 9.306253910064697, 9.422637939453125, 9.5484778881073, 9.680577039718628, 9.793736934661865, 9.907263994216919, 10.01642894744873, 10.131008863449097, 10.246304988861084, 10.359547853469849, 10.475829839706421, 10.583178997039795, 10.70514702796936, 10.811672925949097, 10.921318054199219, 11.026717901229858, 11.145251035690308, 11.267210006713867, 11.385267972946167, 11.501015901565552, 11.62148404121399, 11.732300996780396, 11.845864057540894, 11.961490869522095, 12.084993839263916, 12.203459978103638, 12.318202018737793, 12.436072826385498, 12.543697834014893, 12.652652025222778, 12.763759851455688, 12.869191884994507, 12.978827953338623, 13.093101024627686, 13.216274976730347, 13.331198930740356, 13.455183029174805, 13.582129001617432, 13.695307970046997, 13.802950859069824, 13.916385889053345, 14.02578592300415, 14.142103910446167, 14.250916957855225, 14.36576795578003, 14.49395203590393, 14.608765840530396, 14.730427980422974, 14.847666025161743, 14.959187030792236, 15.081713914871216]

Device/SubDeviceList/LHipPitch/Position/Sensor/Value = [-0.14262008666992188, -0.10733795166015625, -0.056715965270996094, 0.0614018440246582, -0.09966802597045898, -0.3328361511230469, -0.30675792694091797, -0.2561359405517578, -0.19324207305908203, -0.1257460117340088, -0.09199810028076172, -0.09813404083251953, -0.19477605819702148, -0.5798101425170898, -0.6074221134185791, -0.6166260242462158, -0.6135580539703369, -0.6074221134185791, -0.6058881282806396, -0.6058881282806396, -0.6058881282806396, -0.6058881282806396, -0.6058881282806396, -0.6058881282806396, -0.6058881282806396, -0.6058881282806396, -0.6074221134185791, -0.6058881282806396, -0.6058881282806396, -0.6074221134185791, -0.6058881282806396, -0.6058881282806396, -0.6058881282806396, -0.6058881282806396, -0.6074221134185791, -0.6074221134185791, -0.6058881282806396, -0.6074221134185791, -0.6074221134185791, -0.6074221134185791, -0.6058881282806396, -0.6058881282806396, -0.6074221134185791, -0.6058881282806396, -0.6058881282806396, -0.6058881282806396, -0.6058881282806396, -0.6058881282806396, -0.6058881282806396, -0.6058881282806396, -0.6074221134185791, -0.6058881282806396, -0.6058881282806396, -0.6058881282806396, -0.6058881282806396, -0.6058881282806396, -0.6074221134185791, -0.6058881282806396, -0.6058881282806396, -0.6058881282806396, -0.6058881282806396, -0.6058881282806396, -0.6058881282806396, -0.6074221134185791, -0.6058881282806396, -0.6074221134185791, -0.6074221134185791, -0.6058881282806396, -0.6058881282806396, -0.6058881282806396, -0.6074221134185791, -0.6058881282806396, -0.6058881282806396, -0.6058881282806396, -0.6074221134185791, -0.6058881282806396, -0.6074221134185791, -0.6058881282806396, -0.6058881282806396, -0.6074221134185791, -0.6058881282806396, -0.6058881282806396, -0.6074221134185791, -0.6058881282806396, -0.6074221134185791, -0.6074221134185791, -0.6058881282806396, -0.6058881282806396, -0.6058881282806396, -0.6058881282806396, -0.6058881282806396, -0.6058881282806396, -0.6074221134185791, -0.6058881282806396, -0.6058881282806396, -0.6058881282806396, -0.6058881282806396, -0.6058881282806396, -0.6058881282806396, -0.6058881282806396, -0.6058881282806396, -0.6058881282806396, -0.6074221134185791, -0.6058881282806396, -0.6074221134185791, -0.6074221134185791, -0.6058881282806396, -0.6058881282806396, -0.6074221134185791, -0.6074221134185791, -0.6058881282806396, -0.6058881282806396, -0.6058881282806396, -0.6074221134185791, -0.6058881282806396, -0.6058881282806396, -0.6058881282806396, -0.6058881282806396, -0.6058881282806396, -0.6058881282806396, -0.6074221134185791, -0.6058881282806396, -0.6058881282806396, -0.6074221134185791, -0.6058881282806396, -0.6058881282806396, -0.6058881282806396, -0.6058881282806396, -0.6058881282806396]

Device/SubDeviceList/LHipYawPitch/Position/Sensor/Value = [0.0061779022216796875, 0.018450021743774414, 0.015382051467895508, 0.004643917083740234, -0.0030260086059570312, 0.004643917083740234, 0.007711887359619141, 0.0031099319458007812, 0.0031099319458007812, -0.01222991943359375, 0.013848066329956055, -0.0014920234680175781, -0.018366098403930664, -0.007627964019775391, -0.03063797950744629, -0.04904603958129883, -0.05824995040893555, -0.05824995040893555, -0.059783935546875, -0.06438612937927246, -0.06592011451721191, -0.06592011451721191, -0.06592011451721191, -0.06592011451721191, -0.06592011451721191, -0.06592011451721191, -0.06592011451721191, -0.06592011451721191, -0.06592011451721191, -0.06592011451721191, -0.06592011451721191, -0.06592011451721191, -0.06592011451721191, -0.06592011451721191, -0.06592011451721191, -0.06745409965515137, -0.06592011451721191, -0.06745409965515137, -0.06592011451721191, -0.06745409965515137, -0.06592011451721191, -0.06592011451721191, -0.06592011451721191, -0.06592011451721191, -0.06592011451721191, -0.06592011451721191, -0.06592011451721191, -0.06592011451721191, -0.06592011451721191, -0.06592011451721191, -0.06592011451721191, -0.06592011451721191, -0.06592011451721191, -0.06745409965515137, -0.06592011451721191, -0.06592011451721191, -0.06592011451721191, -0.06745409965515137, -0.06592011451721191, -0.06592011451721191, -0.06592011451721191, -0.06592011451721191, -0.06592011451721191, -0.06745409965515137, -0.06592011451721191, -0.06592011451721191, -0.06592011451721191, -0.06592011451721191, -0.06592011451721191, -0.06592011451721191, -0.06592011451721191, -0.06592011451721191, -0.06592011451721191, -0.06592011451721191, -0.06592011451721191, -0.06592011451721191, -0.06592011451721191, -0.06592011451721191, -0.06592011451721191, -0.06745409965515137, -0.06592011451721191, -0.06592011451721191, -0.06745409965515137, -0.06592011451721191, -0.06592011451721191, -0.06592011451721191, -0.06592011451721191, -0.06745409965515137, -0.06592011451721191, -0.06592011451721191, -0.06592011451721191, -0.06592011451721191, -0.06592011451721191, -0.06592011451721191, -0.06592011451721191, -0.06592011451721191, -0.06592011451721191, -0.06592011451721191, -0.06592011451721191, -0.06592011451721191, -0.06592011451721191, -0.06592011451721191, -0.06592011451721191, -0.06745409965515137, -0.06592011451721191, -0.06592011451721191, -0.06592011451721191, -0.06592011451721191, -0.06592011451721191, -0.06592011451721191, -0.06592011451721191, -0.06592011451721191, -0.06592011451721191, -0.06592011451721191, -0.06592011451721191, -0.06745409965515137, -0.06592011451721191, -0.06592011451721191, -0.06592011451721191, -0.06592011451721191, -0.06592011451721191, -0.06592011451721191, -0.06592011451721191, -0.06592011451721191, -0.06592011451721191, -0.06592011451721191, -0.06592011451721191, -0.06592011451721191, -0.06745409965515137]

Device/SubDeviceList/InertialSensor/GyroscopeX/Sensor/Value = [-0.5246427655220032, 0.07297061383724213, -0.12436962872743607, 0.192546546459198, 0.5294364094734192, 1.309476375579834, 1.117462396621704, 0.3526025414466858, 0.2556634545326233, 0.7227819561958313, -0.5472795963287354, 0.9454222321510315, 1.0133328437805176, 1.3371732234954834, 0.5195827484130859, 0.039681099355220795, -0.10492854565382004, -0.08735168725252151, -0.07084008306264877, 0.046605318784713745, 0.02689792774617672, 0.006391586735844612, 0.00532632227987051, 0.002130528911948204, 0.0034621094819158316, 0.0034621094819158316, 0.0013315805699676275, 0.0, 0.001597896683961153, 0.0018642127979546785, 0.000532632227987051, -0.0002663161139935255, -0.0018642127979546785, 0.0018642127979546785, -0.003728425595909357, 0.000532632227987051, 0.001597896683961153, 0.000532632227987051, 0.001065264455974102, -0.000532632227987051, 0.0, -0.0007989483419805765, 0.001597896683961153, 0.0, -0.001597896683961153, -0.004527374170720577, 0.0002663161139935255, -0.0013315805699676275, -0.0007989483419805765, 0.0002663161139935255, 0.0, -0.001597896683961153, 0.0013315805699676275, 0.001065264455974102, -0.0018642127979546785, -0.000532632227987051, 0.000532632227987051, 0.0023968450259417295, 0.0013315805699676275, 0.002130528911948204, -0.0029294772539287806, -0.003195793367922306, 0.000532632227987051, 0.001065264455974102, -0.0029294772539287806, -0.0007989483419805765, 0.002663161139935255, -0.004261057823896408, 0.0, 0.0, -0.0013315805699676275, -0.000532632227987051, 0.001065264455974102, 0.001065264455974102, -0.00532632227987051, 0.000532632227987051, 0.0029294772539287806, -0.003728425595909357, -0.002130528911948204, 0.0018642127979546785, 0.0018642127979546785, 0.000532632227987051, -0.000532632227987051, -0.000532632227987051, 0.000532632227987051, 0.0007989483419805765, 0.0, -0.0029294772539287806, -0.0013315805699676275, 0.0007989483419805765, 0.001065264455974102, 0.0007989483419805765, 0.0018642127979546785, 0.0002663161139935255, -0.001065264455974102, 0.0013315805699676275, 0.0002663161139935255, 0.001065264455974102, -0.0013315805699676275, 0.0013315805699676275, 0.0023968450259417295, 0.003195793367922306, -0.0013315805699676275, 0.0, 0.0013315805699676275, 0.001065264455974102, 0.0002663161139935255, -0.000532632227987051, -0.001065264455974102, -0.000532632227987051, 0.000532632227987051, 0.000532632227987051, 0.003195793367922306, -0.001065264455974102, 0.002663161139935255, 0.0, 0.0013315805699676275, 0.000532632227987051, -0.002130528911948204, -0.002663161139935255, -0.0007989483419805765, -0.001597896683961153, 0.0002663161139935255, -0.004261057823896408, -0.001065264455974102, -0.000532632227987051, 0.0007989483419805765, 0.0007989483419805765, -0.001065264455974102]

Device/SubDeviceList/LKneePitch/ElectricCurrent/Sensor/Value = [0.2880000174045563, 0.41600000858306885, 1.3600000143051147, 0.41600000858306885, 0.0, 0.0, 0.0, 0.17600001394748688, 0.0, 0.03200000151991844, 0.2880000174045563, 0.0, 0.0, 0.0, 0.0, 0.0, 0.0, 0.0, 0.0, 0.0, 0.0, 0.0, 0.0, 0.0, 0.0, 0.0, 0.0, 0.0, 0.0, 0.0, 0.0, 0.0, 0.0, 0.0, 0.0, 0.0, 0.0, 0.0, 0.0, 0.0, 0.0, 0.0, 0.0, 0.0, 0.0, 0.0, 0.0, 0.0, 0.0, 0.0, 0.0, 0.0, 0.0, 0.0, 0.0, 0.0, 0.0, 0.0, 0.0, 0.0, 0.0, 0.0, 0.0, 0.0, 0.0, 0.0, 0.0, 0.0, 0.0, 0.0, 0.0, 0.0, 0.0, 0.0, 0.0, 0.0, 0.0, 0.0, 0.0, 0.0, 0.0, 0.0, 0.0, 0.0, 0.0, 0.0, 0.0, 0.0, 0.0, 0.0, 0.0, 0.0, 0.0, 0.0, 0.0, 0.0, 0.0, 0.0, 0.0, 0.0, 0.0, 0.0, 0.0, 0.0, 0.0, 0.0, 0.0, 0.0, 0.0, 0.0, 0.0, 0.0, 0.0, 0.0, 0.0, 0.0, 0.0, 0.0, 0.0, 0.0, 0.0, 0.0, 0.0, 0.0, 0.0, 0.0, 0.0, 0.0, 0.0]

Device/SubDeviceList/LAnkleRoll/Position/Sensor/Value = [0.35439586639404297, 0.31911396980285645, 0.16418004035949707, 0.015382051467895508, -0.09046411514282227, -0.07972598075866699, -0.02603602409362793, 0.07674193382263184, 0.15804386138916016, 0.15497589111328125, 0.1595778465270996, 0.16264605522155762, 0.15804386138916016, 0.19485998153686523, 0.19485998153686523, 0.19332599639892578, 0.19332599639892578, 0.19332599639892578, 0.19485998153686523, 0.19485998153686523, 0.19485998153686523, 0.19485998153686523, 0.19485998153686523, 0.19485998153686523, 0.19485998153686523, 0.19485998153686523, 0.19485998153686523, 0.19485998153686523, 0.19485998153686523, 0.19485998153686523, 0.19485998153686523, 0.19485998153686523, 0.19485998153686523, 0.19485998153686523, 0.19485998153686523, 0.19485998153686523, 0.19485998153686523, 0.19485998153686523, 0.19485998153686523, 0.19485998153686523, 0.19485998153686523, 0.19485998153686523, 0.19485998153686523, 0.19485998153686523, 0.19485998153686523, 0.19485998153686523, 0.19485998153686523, 0.19485998153686523, 0.19485998153686523, 0.19485998153686523, 0.19485998153686523, 0.19485998153686523, 0.19485998153686523, 0.19485998153686523, 0.19485998153686523, 0.19485998153686523, 0.19485998153686523, 0.19485998153686523, 0.19485998153686523, 0.19485998153686523, 0.19485998153686523, 0.19485998153686523, 0.19485998153686523, 0.19485998153686523, 0.19485998153686523, 0.19485998153686523, 0.19485998153686523, 0.19485998153686523, 0.19485998153686523, 0.19485998153686523, 0.19485998153686523, 0.19485998153686523, 0.19485998153686523, 0.19485998153686523, 0.19485998153686523, 0.19485998153686523, 0.19485998153686523, 0.19485998153686523, 0.19485998153686523, 0.19485998153686523, 0.19485998153686523, 0.19485998153686523, 0.19485998153686523, 0.19485998153686523, 0.19485998153686523, 0.19485998153686523, 0.19485998153686523, 0.19485998153686523, 0.19485998153686523, 0.19485998153686523, 0.19485998153686523, 0.19485998153686523, 0.19485998153686523, 0.19485998153686523, 0.19485998153686523, 0.19485998153686523, 0.19485998153686523, 0.19485998153686523, 0.19485998153686523, 0.19485998153686523, 0.19485998153686523, 0.19485998153686523, 0.19485998153686523, 0.19485998153686523, 0.19485998153686523, 0.19485998153686523, 0.19485998153686523, 0.19485998153686523, 0.19485998153686523, 0.19485998153686523, 0.19485998153686523, 0.19485998153686523, 0.19485998153686523, 0.19485998153686523, 0.19485998153686523, 0.19485998153686523, 0.19485998153686523, 0.19485998153686523, 0.19485998153686523, 0.19485998153686523, 0.19485998153686523, 0.19485998153686523, 0.19485998153686523, 0.19485998153686523, 0.19485998153686523, 0.19485998153686523, 0.19485998153686523, 0.19485998153686523, 0.19485998153686523]

displacement = [0.0151185936009033, 0.03401333413423985, 0.03708480036880215, 0.04402407013116786, 0.042902438402066485, 0.06192280769362538, 0.08576745720473658, 0.09134099197950132, 0.09295662749586642, 0.0966607751806751, 0.1298777953064592, 4.177140431184082, 4.177140431184082, 4.177140431184082, 4.177140431184082, 4.177140431184082, 4.177140431184082, 4.177140431184082, 4.177140431184082, 4.177140431184082, 4.177140431184082, 4.177140431184082, 4.177140431184082, 4.177140431184082, 4.177140431184082, 4.177140431184082, 4.177140431184082, 4.177140431184082, 4.177140431184082, 4.177140431184082, 4.177140431184082, 4.177140431184082, 4.177140431184082, 4.177140431184082, 4.177140431184082, 4.177140431184082, 4.177140431184082, 4.177140431184082, 4.177140431184082, 4.177140431184082, 4.177140431184082, 4.177140431184082, 4.177140431184082, 4.177140431184082, 4.177140431184082, 4.177140431184082, 4.177140431184082, 4.177140431184082, 4.177140431184082, 4.177140431184082, 4.177140431184082, 4.177140431184082, 4.177140431184082, 4.177140431184082, 4.177140431184082, 4.177140431184082, 4.177140431184082, 4.177140431184082, 4.177140431184082, 4.177140431184082, 4.177140431184082, 4.177140431184082, 4.177140431184082, 4.177140431184082, 4.177140431184082, 4.177140431184082, 4.177140431184082, 4.177140431184082, 4.177140431184082, 4.177140431184082, 4.177140431184082, 4.177140431184082, 4.177140431184082, 4.177140431184082, 4.177140431184082, 4.177140431184082, 4.177140431184082, 4.177140431184082, 4.177140431184082, 4.177140431184082, 4.177140431184082, 4.177140431184082, 4.177140431184082, 4.177140431184082, 4.177140431184082, 4.177140431184082, 4.177140431184082, 4.177140431184082, 4.177140431184082, 4.177140431184082, 4.177140431184082, 4.177140431184082, 4.177140431184082, 4.177140431184082, 4.177140431184082, 4.177140431184082, 4.177140431184082, 4.177140431184082, 4.177140431184082, 4.177140431184082, 4.177140431184082, 4.177140431184082, 4.177140431184082, 4.177140431184082, 4.177140431184082, 4.177140431184082, 4.177140431184082, 4.177140431184082, 4.177140431184082, 4.177140431184082, 4.177140431184082, 4.177140431184082, 4.177140431184082, 4.177140431184082, 4.177140431184082, 4.177140431184082, 4.177140431184082, 4.177140431184082, 4.177140431184082, 4.177140431184082, 4.177140431184082, 4.177140431184082, 4.177140431184082, 4.177140431184082, 4.177140431184082, 4.177140431184082, 4.177140431184082, 4.177140431184082, 4.177140431184082]

position_x = [-0.012757301330566406, -0.032834768295288086, -0.03696870803833008, -0.043968796730041504, -0.04266667366027832, -0.061917781829833984, -0.08576178550720215, -0.08938717842102051, -0.09207963943481445, -0.09532058238983154, -0.12591958045959473, 1.2330684661865234, 1.2330684661865234, 1.2330684661865234, 1.2330684661865234, 1.2330684661865234, 1.2330684661865234, 1.2330684661865234, 1.2330684661865234, 1.2330684661865234, 1.2330684661865234, 1.2330684661865234, 1.2330684661865234, 1.2330684661865234, 1.2330684661865234, 1.2330684661865234, 1.2330684661865234, 1.2330684661865234, 1.2330684661865234, 1.2330684661865234, 1.2330684661865234, 1.2330684661865234, 1.2330684661865234, 1.2330684661865234, 1.2330684661865234, 1.2330684661865234, 1.2330684661865234, 1.2330684661865234, 1.2330684661865234, 1.2330684661865234, 1.2330684661865234, 1.2330684661865234, 1.2330684661865234, 1.2330684661865234, 1.2330684661865234, 1.2330684661865234, 1.2330684661865234, 1.2330684661865234, 1.2330684661865234, 1.2330684661865234, 1.2330684661865234, 1.2330684661865234, 1.2330684661865234, 1.2330684661865234, 1.2330684661865234, 1.2330684661865234, 1.2330684661865234, 1.2330684661865234, 1.2330684661865234, 1.2330684661865234, 1.2330684661865234, 1.2330684661865234, 1.2330684661865234, 1.2330684661865234, 1.2330684661865234, 1.2330684661865234, 1.2330684661865234, 1.2330684661865234, 1.2330684661865234, 1.2330684661865234, 1.2330684661865234, 1.2330684661865234, 1.2330684661865234, 1.2330684661865234, 1.2330684661865234, 1.2330684661865234, 1.2330684661865234, 1.2330684661865234, 1.2330684661865234, 1.2330684661865234, 1.2330684661865234, 1.2330684661865234, 1.2330684661865234, 1.2330684661865234, 1.2330684661865234, 1.2330684661865234, 1.2330684661865234, 1.2330684661865234, 1.2330684661865234, 1.2330684661865234, 1.2330684661865234, 1.2330684661865234, 1.2330684661865234, 1.2330684661865234, 1.2330684661865234, 1.2330684661865234, 1.2330684661865234, 1.2330684661865234, 1.2330684661865234, 1.2330684661865234, 1.2330684661865234, 1.2330684661865234, 1.2330684661865234, 1.2330684661865234, 1.2330684661865234, 1.2330684661865234, 1.2330684661865234, 1.2330684661865234, 1.2330684661865234, 1.2330684661865234, 1.2330684661865234, 1.2330684661865234, 1.2330684661865234, 1.2330684661865234, 1.2330684661865234, 1.2330684661865234, 1.2330684661865234, 1.2330684661865234, 1.2330684661865234, 1.2330684661865234, 1.2330684661865234, 1.2330684661865234, 1.2330684661865234, 1.2330684661865234, 1.2330684661865234, 1.2330684661865234, 1.2330684661865234, 1.2330684661865234, 1.2330684661865234]

position_y = [0.00811314582824707, 0.00887608528137207, -0.0029320716857910156, 0.002205371856689453, -0.004491567611694336, 0.0007889270782470703, 0.000986337661743164, 0.01879119873046875, 0.012738704681396484, 0.016040325164794922, -0.031819820404052734, -3.990995407104492, -3.990995407104492, -3.990995407104492, -3.990995407104492, -3.990995407104492, -3.990995407104492, -3.990995407104492, -3.990995407104492, -3.990995407104492, -3.990995407104492, -3.990995407104492, -3.990995407104492, -3.990995407104492, -3.990995407104492, -3.990995407104492, -3.990995407104492, -3.990995407104492, -3.990995407104492, -3.990995407104492, -3.990995407104492, -3.990995407104492, -3.990995407104492, -3.990995407104492, -3.990995407104492, -3.990995407104492, -3.990995407104492, -3.990995407104492, -3.990995407104492, -3.990995407104492, -3.990995407104492, -3.990995407104492, -3.990995407104492, -3.990995407104492, -3.990995407104492, -3.990995407104492, -3.990995407104492, -3.990995407104492, -3.990995407104492, -3.990995407104492, -3.990995407104492, -3.990995407104492, -3.990995407104492, -3.990995407104492, -3.990995407104492, -3.990995407104492, -3.990995407104492, -3.990995407104492, -3.990995407104492, -3.990995407104492, -3.990995407104492, -3.990995407104492, -3.990995407104492, -3.990995407104492, -3.990995407104492, -3.990995407104492, -3.990995407104492, -3.990995407104492, -3.990995407104492, -3.990995407104492, -3.990995407104492, -3.990995407104492, -3.990995407104492, -3.990995407104492, -3.990995407104492, -3.990995407104492, -3.990995407104492, -3.990995407104492, -3.990995407104492, -3.990995407104492, -3.990995407104492, -3.990995407104492, -3.990995407104492, -3.990995407104492, -3.990995407104492, -3.990995407104492, -3.990995407104492, -3.990995407104492, -3.990995407104492, -3.990995407104492, -3.990995407104492, -3.990995407104492, -3.990995407104492, -3.990995407104492, -3.990995407104492, -3.990995407104492, -3.990995407104492, -3.990995407104492, -3.990995407104492, -3.990995407104492, -3.990995407104492, -3.990995407104492, -3.990995407104492, -3.990995407104492, -3.990995407104492, -3.990995407104492, -3.990995407104492, -3.990995407104492, -3.990995407104492, -3.990995407104492, -3.990995407104492, -3.990995407104492, -3.990995407104492, -3.990995407104492, -3.990995407104492, -3.990995407104492, -3.990995407104492, -3.990995407104492, -3.990995407104492, -3.990995407104492, -3.990995407104492, -3.990995407104492, -3.990995407104492, -3.990995407104492, -3.990995407104492, -3.990995407104492, -3.990995407104492, -3.990995407104492, -3.990995407104492]

Device/SubDeviceList/LFoot/FSR/TotalWeight/Sensor/Value = [2.9419732093811035, 4.653966903686523, 5.364685535430908, 4.243851184844971, 0.0016326005570590496, 0.0031929942779242992, 0.0, 0.0, 0.004244805313646793, 3.1762452125549316, 1.5655884742736816, 0.0, 0.0, 0.005278518423438072, 0.0, 0.0, 0.0, 0.0, 0.0, 0.012593323364853859, 0.016756409779191017, 0.018389418721199036, 0.019875790923833847, 0.026327267289161682, 0.03036482073366642, 0.0302010215818882, 0.034584809094667435, 0.0399257056415081, 0.03796154633164406, 0.035752326250076294, 0.03838689625263214, 0.03875338286161423, 0.03628374636173248, 0.03826512023806572, 0.03551735356450081, 0.03693842515349388, 0.03389303386211395, 0.03790097311139107, 0.03309409320354462, 0.033663876354694366, 0.02869006246328354, 0.029333703219890594, 0.029172245413064957, 0.027893632650375366, 0.024643922224640846, 0.023000657558441162, 0.022510403767228127, 0.022657105699181557, 0.02565925195813179, 0.027630137279629707, 0.026121048256754875, 0.025966770946979523, 0.024342209100723267, 0.02339542657136917, 0.024896355345845222, 0.02231527864933014, 0.026689643040299416, 0.027053888887166977, 0.024342209100723267, 0.029603607952594757, 0.028158115223050117, 0.025557048618793488, 0.02773541770875454, 0.028370415791869164, 0.027367621660232544, 0.029657715931534767, 0.025557048618793488, 0.028264189139008522, 0.02954954281449318, 0.02674156427383423, 0.027106083929538727, 0.027262890711426735, 0.026482336223125458, 0.027946453541517258, 0.02721058577299118, 0.028796928003430367, 0.02992885187268257, 0.03130011260509491, 0.02954954281449318, 0.02954954281449318, 0.02901115082204342, 0.02576160803437233, 0.02869006246328354, 0.025149723514914513, 0.024442629888653755, 0.027525009587407112, 0.028583353385329247, 0.028158115223050117, 0.02653411403298378, 0.02721058577299118, 0.02674156427383423, 0.027262890711426735, 0.029495522379875183, 0.028903957456350327, 0.02653411403298378, 0.02810513973236084, 0.028264189139008522, 0.027262890711426735, 0.02842358872294426, 0.02721058577299118, 0.024643922224640846, 0.02494695782661438, 0.02565925195813179, 0.02384226955473423, 0.023049883544445038, 0.023247119039297104, 0.01992277428507805, 0.02101276069879532, 0.022023659199476242, 0.021396083757281303, 0.020441856235265732, 0.0212041474878788, 0.02394196391105652, 0.019454369321465492, 0.024442629888653755, 0.021060558035969734, 0.02384226955473423, 0.019969800487160683, 0.023197749629616737, 0.021975180134177208, 0.023991871625185013, 0.024543194100260735, 0.024997590109705925, 0.02540401555597782, 0.02424192987382412, 0.023892100900411606, 0.024342209100723267, 0.02260817587375641, 0.02424192987382412]

Device/SubDeviceList/InertialSensor/AngleX/Sensor/Value = [-0.002875630045309663, -0.03278857842087746, -0.07228834182024002, -0.09223014861345291, -0.10987121611833572, 0.037391360849142075, 0.22415322065353394, 0.3533913493156433, 0.3811947703361511, 0.39749306440353394, 0.3096725344657898, 0.31964367628097534, 0.36815565824508667, 0.6573111414909363, 0.7079326510429382, 0.6467649340629578, 0.5547263026237488, 0.5079399943351746, 0.47975271940231323, 0.46901482343673706, 0.45367497205734253, 0.4375683665275574, 0.42663878202438354, 0.4176265597343445, 0.4101483225822449, 0.4038206934928894, 0.3997942805290222, 0.39557570219039917, 0.3928911089897156, 0.3905903697013855, 0.38867253065109253, 0.3875223994255066, 0.3865634799003601, 0.3857967257499695, 0.3852211833000183, 0.38502949476242065, 0.384837806224823, 0.384837806224823, 0.38464611768722534, 0.3844544291496277, 0.38426274061203003, 0.38368719816207886, 0.38368719816207886, 0.3838788866996765, 0.3840710520744324, 0.3838788866996765, 0.3840710520744324, 0.3844544291496277, 0.38426274061203003, 0.3838788866996765, 0.3838788866996765, 0.3838788866996765, 0.3840710520744324, 0.3838788866996765, 0.38368719816207886, 0.3840710520744324, 0.3840710520744324, 0.3838788866996765, 0.3840710520744324, 0.3840710520744324, 0.3840710520744324, 0.3838788866996765, 0.38426274061203003, 0.38426274061203003, 0.38464611768722534, 0.38464611768722534, 0.38464611768722534, 0.384837806224823, 0.384837806224823, 0.38464611768722534, 0.3844544291496277, 0.38426274061203003, 0.38426274061203003, 0.38464611768722534, 0.38464611768722534, 0.3844544291496277, 0.3844544291496277, 0.3840710520744324, 0.3838788866996765, 0.3840710520744324, 0.38426274061203003, 0.38426274061203003, 0.3840710520744324, 0.3840710520744324, 0.3840710520744324, 0.3838788866996765, 0.3840710520744324, 0.3840710520744324, 0.3838788866996765, 0.3840710520744324, 0.3838788866996765, 0.3840710520744324, 0.38426274061203003, 0.3840710520744324, 0.38368719816207886, 0.38368719816207886, 0.38368719816207886, 0.3840710520744324, 0.3838788866996765, 0.38368719816207886, 0.3840710520744324, 0.38426274061203003, 0.3844544291496277, 0.38464611768722534, 0.384837806224823, 0.38426274061203003, 0.3840710520744324, 0.3838788866996765, 0.3838788866996765, 0.38368719816207886, 0.3834955096244812, 0.38368719816207886, 0.38368719816207886, 0.3834955096244812, 0.3838788866996765, 0.3838788866996765, 0.3840710520744324, 0.3838788866996765, 0.3838788866996765, 0.3840710520744324, 0.3840710520744324, 0.3840710520744324, 0.3840710520744324, 0.3838788866996765, 0.38368719816207886, 0.3840710520744324, 0.3840710520744324, 0.3838788866996765, 0.38368719816207886]

Device/SubDeviceList/LHipPitch/ElectricCurrent/Sensor/Value = [0.0, 0.0, 0.0, 0.0, 0.08000000566244125, 0.0, 0.14400000870227814, 0.09600000083446503, 0.3680000305175781, 0.46400001645088196, 0.0, 0.0, 0.0, 0.0, 0.0, 0.0, 0.0, 0.0, 0.0, 0.0, 0.0, 0.0, 0.0, 0.0, 0.0, 0.0, 0.0, 0.0, 0.0, 0.0, 0.0, 0.0, 0.0, 0.0, 0.0, 0.0, 0.0, 0.0, 0.0, 0.0, 0.0, 0.0, 0.0, 0.0, 0.0, 0.0, 0.0, 0.0, 0.0, 0.0, 0.0, 0.0, 0.0, 0.0, 0.0, 0.0, 0.0, 0.0, 0.0, 0.0, 0.0, 0.0, 0.0, 0.0, 0.0, 0.0, 0.0, 0.0, 0.0, 0.0, 0.0, 0.0, 0.0, 0.0, 0.0, 0.0, 0.0, 0.0, 0.0, 0.0, 0.0, 0.0, 0.0, 0.0, 0.0, 0.0, 0.0, 0.0, 0.0, 0.0, 0.0, 0.0, 0.0, 0.0, 0.0, 0.0, 0.0, 0.0, 0.0, 0.0, 0.0, 0.0, 0.0, 0.0, 0.0, 0.0, 0.0, 0.0, 0.0, 0.0, 0.0, 0.0, 0.0, 0.0, 0.0, 0.0, 0.0, 0.0, 0.0, 0.0, 0.0, 0.0, 0.0, 0.0, 0.0, 0.0, 0.0, 0.0, 0.0]

Device/SubDeviceList/LHipRoll/Position/Sensor/Value = [-0.2960200309753418, -0.32363200187683105, -0.28067994117736816, -0.13341593742370605, 0.052197933197021484, 0.02151799201965332, -0.004559993743896484, -0.06438612937927246, -0.230057954788208, -0.25766992568969727, -0.21471810340881348, -0.21011614799499512, -0.2438640594482422, -0.21318411827087402, -0.23312616348266602, -0.23312616348266602, -0.2269899845123291, -0.21932005882263184, -0.21625208854675293, -0.21625208854675293, -0.21625208854675293, -0.21625208854675293, -0.21625208854675293, -0.21625208854675293, -0.21625208854675293, -0.21625208854675293, -0.21625208854675293, -0.21625208854675293, -0.21625208854675293, -0.21625208854675293, -0.21625208854675293, -0.21625208854675293, -0.21625208854675293, -0.21625208854675293, -0.21625208854675293, -0.21625208854675293, -0.21625208854675293, -0.21625208854675293, -0.21625208854675293, -0.21625208854675293, -0.21625208854675293, -0.21625208854675293, -0.21625208854675293, -0.21625208854675293, -0.21625208854675293, -0.21625208854675293, -0.21625208854675293, -0.21625208854675293, -0.21625208854675293, -0.21625208854675293, -0.21625208854675293, -0.21625208854675293, -0.21625208854675293, -0.21625208854675293, -0.21625208854675293, -0.21625208854675293, -0.21625208854675293, -0.21625208854675293, -0.21625208854675293, -0.21625208854675293, -0.21625208854675293, -0.21625208854675293, -0.21625208854675293, -0.21625208854675293, -0.21625208854675293, -0.21625208854675293, -0.21625208854675293, -0.21625208854675293, -0.21625208854675293, -0.21625208854675293, -0.21625208854675293, -0.21625208854675293, -0.21625208854675293, -0.21625208854675293, -0.21625208854675293, -0.21625208854675293, -0.21625208854675293, -0.21625208854675293, -0.21625208854675293, -0.21625208854675293, -0.21625208854675293, -0.21625208854675293, -0.21625208854675293, -0.21625208854675293, -0.21625208854675293, -0.21625208854675293, -0.21625208854675293, -0.21625208854675293, -0.21625208854675293, -0.21625208854675293, -0.21625208854675293, -0.21625208854675293, -0.21625208854675293, -0.21471810340881348, -0.21625208854675293, -0.21625208854675293, -0.21625208854675293, -0.21625208854675293, -0.21625208854675293, -0.21625208854675293, -0.21625208854675293, -0.21625208854675293, -0.21625208854675293, -0.21625208854675293, -0.21625208854675293, -0.21625208854675293, -0.21625208854675293, -0.21625208854675293, -0.21625208854675293, -0.21471810340881348, -0.21625208854675293, -0.21625208854675293, -0.21625208854675293, -0.21625208854675293, -0.21625208854675293, -0.21625208854675293, -0.21625208854675293, -0.21625208854675293, -0.21625208854675293, -0.21625208854675293, -0.21625208854675293, -0.21625208854675293, -0.21625208854675293, -0.21625208854675293, -0.21625208854675293, -0.21625208854675293, -0.21625208854675293, -0.21625208854675293, -0.21625208854675293]

Device/SubDeviceList/RHipPitch/Position/Sensor/Value = [-0.4556400775909424, -0.48325204849243164, -0.44643592834472656, -0.38507604598999023, -0.2884340286254883, -0.08901405334472656, 0.0030260086059570312, 0.12421202659606934, 0.2438640594482422, 0.05364799499511719, -0.14423799514770508, -0.14730596542358398, -0.0614018440246582, -0.0844118595123291, -0.1534419059753418, -0.21020007133483887, -0.27616190910339355, -0.357464075088501, -0.42035794258117676, -0.45717406272888184, -0.47251391410827637, -0.4755818843841553, -0.4755818843841553, -0.4771158695220947, -0.4786500930786133, -0.48018407821655273, -0.48018407821655273, -0.4817180633544922, -0.4817180633544922, -0.48018407821655273, -0.4817180633544922, -0.48018407821655273, -0.48018407821655273, -0.48018407821655273, -0.48018407821655273, -0.48018407821655273, -0.48018407821655273, -0.48018407821655273, -0.48018407821655273, -0.48018407821655273, -0.48018407821655273, -0.4817180633544922, -0.48018407821655273, -0.48018407821655273, -0.4817180633544922, -0.48018407821655273, -0.48018407821655273, -0.48018407821655273, -0.4817180633544922, -0.48018407821655273, -0.48018407821655273, -0.48018407821655273, -0.48018407821655273, -0.48018407821655273, -0.4817180633544922, -0.48018407821655273, -0.4817180633544922, -0.48018407821655273, -0.48018407821655273, -0.4817180633544922, -0.48018407821655273, -0.48018407821655273, -0.48018407821655273, -0.48018407821655273, -0.48018407821655273, -0.48018407821655273, -0.48018407821655273, -0.48018407821655273, -0.48018407821655273, -0.4817180633544922, -0.4817180633544922, -0.4817180633544922, -0.4817180633544922, -0.4817180633544922, -0.48018407821655273, -0.48018407821655273, -0.4817180633544922, -0.48018407821655273, -0.48018407821655273, -0.48018407821655273, -0.48018407821655273, -0.48018407821655273, -0.4817180633544922, -0.48018407821655273, -0.48018407821655273, -0.48018407821655273, -0.48018407821655273, -0.4817180633544922, -0.48018407821655273, -0.48018407821655273, -0.48018407821655273, -0.48018407821655273, -0.48018407821655273, -0.48018407821655273, -0.48018407821655273, -0.48018407821655273, -0.48018407821655273, -0.48018407821655273, -0.48018407821655273, -0.48018407821655273, -0.4817180633544922, -0.48018407821655273, -0.48018407821655273, -0.48018407821655273, -0.48018407821655273, -0.4817180633544922, -0.4817180633544922, -0.48018407821655273, -0.48018407821655273, -0.48018407821655273, -0.48018407821655273, -0.48018407821655273, -0.4817180633544922, -0.48018407821655273, -0.48018407821655273, -0.48018407821655273, -0.48018407821655273, -0.48018407821655273, -0.48018407821655273, -0.48018407821655273, -0.48018407821655273, -0.48018407821655273, -0.4817180633544922, -0.48018407821655273, -0.48018407821655273, -0.48018407821655273, -0.48018407821655273, -0.48018407821655273, -0.4817180633544922]

Device/SubDeviceList/RFoot/FSR/CenterOfPressure/X/Sensor/Value = [-0.029650002717971802, -0.029650002717971802, -0.029650000855326653, 0.0, 0.01122928224503994, 0.02525637485086918, 0.00809975154697895, 0.004960867576301098, 0.010953977704048157, -0.029649998992681503, -0.029649998992681503, 0.06898156553506851, 0.0, -0.029650000855326653, -0.029650000855326653, -0.029650000855326653, -0.029650000855326653, -0.029650000855326653, -0.029650000855326653, 0.0, 0.0, 0.0, 0.0, 0.0, 0.0, 0.0, 0.0, 0.0, 0.0, 0.0, 0.0, 0.0, 0.0, 0.0, 0.0, 0.0, 0.0, 0.0, 0.0, 0.0, 0.0, 0.0, 0.0, 0.0, 0.0, 0.0, 0.0, 0.0, 0.0, 0.0, 0.0, 0.0, 0.0, 0.0, 0.0, 0.0, 0.0, 0.0, 0.0, 0.0, 0.0, 0.0, 0.0, 0.0, 0.0, 0.0, 0.0, 0.0, 0.0, 0.0, 0.0, 0.0, 0.0, 0.0, 0.0, 0.0, 0.0, 0.0, 0.0, 0.0, 0.0, 0.0, 0.0, 0.0, 0.0, 0.0, 0.0, 0.0, 0.0, 0.0, 0.0, 0.0, 0.0, 0.0, 0.0, 0.0, 0.0, 0.0, 0.0, 0.0, 0.0, 0.0, 0.0, 0.0, 0.0, 0.0, 0.0, 0.0, 0.0, 0.0, 0.0, 0.0, 0.0, 0.0, 0.0, 0.0, 0.0, 0.0, 0.0, 0.0, 0.0, 0.0, 0.0, 0.0, 0.0, 0.0, 0.0, 0.0, 0.0]

Device/SubDeviceList/InertialSensor/AngleY/Sensor/Value = [-0.03796594962477684, -0.08954589813947678, -0.14457768201828003, -0.16183489561080933, -0.07976692169904709, -0.0011503060813993216, -0.04237621650099754, -0.03969162330031395, -0.011888202279806137, 0.16164332628250122, 0.29509955644607544, 0.4517572522163391, 0.8066819310188293, 1.1873010396957397, 1.340699553489685, 1.5719469785690308, 1.6699298620224, 1.7341655492782593, 1.788430094718933, 1.840201735496521, 1.874524474143982, 1.8960002660751343, 1.9098061323165894, 1.9207357168197632, 1.9297479391098022, 1.9351171255111694, 1.9391435384750366, 1.9425948858261108, 1.9447044134140015, 1.9464300870895386, 1.9477723836898804, 1.9489225149154663, 1.9498814344406128, 1.950264811515808, 1.950456976890564, 1.9508403539657593, 1.951032042503357, 1.95160710811615, 1.9512237310409546, 1.9514154195785522, 1.9517987966537476, 1.9519904851913452, 1.95160710811615, 1.9517987966537476, 1.9519904851913452, 1.9517987966537476, 1.9517987966537476, 1.9514154195785522, 1.95160710811615, 1.9514154195785522, 1.95160710811615, 1.95160710811615, 1.9512237310409546, 1.9512237310409546, 1.951032042503357, 1.9514154195785522, 1.9512237310409546, 1.9512237310409546, 1.9512237310409546, 1.9517987966537476, 1.9523743391036987, 1.9523743391036987, 1.9519904851913452, 1.9521821737289429, 1.9525660276412964, 1.952757716178894, 1.9519904851913452, 1.9519904851913452, 1.9523743391036987, 1.9521821737289429, 1.9519904851913452, 1.9519904851913452, 1.9519904851913452, 1.9517987966537476, 1.9517987966537476, 1.9519904851913452, 1.9521821737289429, 1.95160710811615, 1.95160710811615, 1.95160710811615, 1.9517987966537476, 1.9521821737289429, 1.9521821737289429, 1.9517987966537476, 1.9517987966537476, 1.9514154195785522, 1.9514154195785522, 1.9517987966537476, 1.95160710811615, 1.95160710811615, 1.9519904851913452, 1.9521821737289429, 1.9519904851913452, 1.9517987966537476, 1.9512237310409546, 1.9517987966537476, 1.9525660276412964, 1.9523743391036987, 1.9523743391036987, 1.9525660276412964, 1.9519904851913452, 1.9521821737289429, 1.9519904851913452, 1.9519904851913452, 1.9519904851913452, 1.9514154195785522, 1.95160710811615, 1.95160710811615, 1.95160710811615, 1.9514154195785522, 1.95160710811615, 1.9514154195785522, 1.9521821737289429, 1.9519904851913452, 1.9517987966537476, 1.9519904851913452, 1.9519904851913452, 1.9519904851913452, 1.9525660276412964, 1.9529494047164917, 1.9529494047164917, 1.952757716178894, 1.9531410932540894, 1.952757716178894, 1.9529494047164917, 1.9535249471664429, 1.953332781791687, 1.953332781791687, 1.9529494047164917]

Device/SubDeviceList/LHipRoll/ElectricCurrent/Sensor/Value = [0.0, 1.1040000915527344, 1.055999994277954, 0.6080000400543213, 0.0, 0.0, 0.0, 0.0, 0.0, 0.9280000329017639, 0.0, 0.0, 0.0, 0.0, 0.0, 0.0, 0.0, 0.0, 0.0, 0.0, 0.0, 0.0, 0.0, 0.0, 0.0, 0.0, 0.0, 0.0, 0.0, 0.0, 0.0, 0.0, 0.0, 0.0, 0.0, 0.0, 0.0, 0.0, 0.0, 0.0, 0.0, 0.0, 0.0, 0.0, 0.0, 0.0, 0.0, 0.0, 0.0, 0.0, 0.0, 0.0, 0.0, 0.0, 0.0, 0.0, 0.0, 0.0, 0.0, 0.0, 0.0, 0.0, 0.0, 0.0, 0.0, 0.0, 0.0, 0.0, 0.0, 0.0, 0.0, 0.0, 0.0, 0.0, 0.0, 0.0, 0.0, 0.0, 0.0, 0.0, 0.0, 0.0, 0.0, 0.0, 0.0, 0.0, 0.0, 0.0, 0.0, 0.0, 0.0, 0.0, 0.0, 0.0, 0.0, 0.0, 0.0, 0.0, 0.0, 0.0, 0.0, 0.0, 0.0, 0.0, 0.0, 0.0, 0.0, 0.0, 0.0, 0.0, 0.0, 0.0, 0.0, 0.0, 0.0, 0.0, 0.0, 0.0, 0.0, 0.0, 0.0, 0.0, 0.0, 0.0, 0.0, 0.0, 0.0, 0.0, 0.0]

Device/SubDeviceList/LKneePitch/Position/Sensor/Value = [0.8344540596008301, 0.8666679859161377, 0.8958139419555664, 0.7838320732116699, 1.0031940937042236, 1.1289820671081543, 0.8789401054382324, 0.9264941215515137, 0.9402999877929688, 0.8528621196746826, 0.8436579704284668, 0.8390560150146484, 0.7961039543151855, 0.7623560428619385, 0.7592880725860596, 0.7638900279998779, 0.7654240131378174, 0.7700259685516357, 0.7700259685516357, 0.7715599536895752, 0.7700259685516357, 0.7715599536895752, 0.7700259685516357, 0.7715599536895752, 0.7715599536895752, 0.7715599536895752, 0.7715599536895752, 0.7715599536895752, 0.7700259685516357, 0.7715599536895752, 0.7715599536895752, 0.7700259685516357, 0.7700259685516357, 0.7715599536895752, 0.7715599536895752, 0.7700259685516357, 0.7715599536895752, 0.7700259685516357, 0.7700259685516357, 0.7700259685516357, 0.7715599536895752, 0.7700259685516357, 0.7715599536895752, 0.7715599536895752, 0.7715599536895752, 0.7700259685516357, 0.7715599536895752, 0.7700259685516357, 0.7715599536895752, 0.7700259685516357, 0.7700259685516357, 0.7700259685516357, 0.7715599536895752, 0.7715599536895752, 0.7715599536895752, 0.7715599536895752, 0.7715599536895752, 0.7715599536895752, 0.7715599536895752, 0.7700259685516357, 0.7715599536895752, 0.7715599536895752, 0.7715599536895752, 0.7700259685516357, 0.7700259685516357, 0.7715599536895752, 0.7700259685516357, 0.7715599536895752, 0.7715599536895752, 0.7715599536895752, 0.7700259685516357, 0.7715599536895752, 0.7700259685516357, 0.7715599536895752, 0.7700259685516357, 0.7700259685516357, 0.7700259685516357, 0.7700259685516357, 0.7715599536895752, 0.7700259685516357, 0.7715599536895752, 0.7715599536895752, 0.7715599536895752, 0.7715599536895752, 0.7700259685516357, 0.7715599536895752, 0.7700259685516357, 0.7715599536895752, 0.7715599536895752, 0.7700259685516357, 0.7715599536895752, 0.7715599536895752, 0.7700259685516357, 0.7700259685516357, 0.7715599536895752, 0.7700259685516357, 0.7700259685516357, 0.7715599536895752, 0.7715599536895752, 0.7715599536895752, 0.7715599536895752, 0.7715599536895752, 0.7715599536895752, 0.7700259685516357, 0.7700259685516357, 0.7700259685516357, 0.7715599536895752, 0.7700259685516357, 0.7700259685516357, 0.7700259685516357, 0.7715599536895752, 0.7715599536895752, 0.7715599536895752, 0.7715599536895752, 0.7715599536895752, 0.7715599536895752, 0.7715599536895752, 0.7715599536895752, 0.7715599536895752, 0.7715599536895752, 0.7700259685516357, 0.7700259685516357, 0.7715599536895752, 0.7700259685516357, 0.7700259685516357, 0.7715599536895752, 0.7700259685516357, 0.7700259685516357, 0.7700259685516357]

Device/SubDeviceList/RHipRoll/ElectricCurrent/Sensor/Value = [0.1600000113248825, 0.0, 0.0, 0.0, 0.41600000858306885, 0.2240000069141388, 0.1120000034570694, 0.14400000870227814, 0.1600000113248825, 0.0, 0.0, 0.0, 0.0, 0.0, 0.0, 0.0, 0.0, 0.0, 0.0, 0.0, 0.0, 0.0, 0.0, 0.0, 0.0, 0.0, 0.0, 0.0, 0.0, 0.0, 0.0, 0.0, 0.0, 0.0, 0.0, 0.0, 0.0, 0.0, 0.0, 0.0, 0.0, 0.0, 0.0, 0.0, 0.0, 0.0, 0.0, 0.0, 0.0, 0.0, 0.0, 0.0, 0.0, 0.0, 0.0, 0.0, 0.0, 0.0, 0.0, 0.0, 0.0, 0.0, 0.0, 0.0, 0.0, 0.0, 0.0, 0.0, 0.0, 0.0, 0.0, 0.0, 0.0, 0.0, 0.0, 0.0, 0.0, 0.0, 0.0, 0.0, 0.0, 0.0, 0.0, 0.0, 0.0, 0.0, 0.0, 0.0, 0.0, 0.0, 0.0, 0.0, 0.0, 0.0, 0.0, 0.0, 0.0, 0.0, 0.0, 0.0, 0.0, 0.0, 0.0, 0.0, 0.0, 0.0, 0.0, 0.0, 0.0, 0.0, 0.0, 0.0, 0.0, 0.0, 0.0, 0.0, 0.0, 0.0, 0.0, 0.0, 0.0, 0.0, 0.0, 0.0, 0.0, 0.0, 0.0, 0.0, 0.0]

Device/SubDeviceList/LFoot/FSR/CenterOfPressure/X/Sensor/Value = [0.01023105252534151, 0.0023665495682507753, -0.0071498919278383255, -0.005240289028733969, -0.030249999836087227, -0.030250001698732376, -0.030249999836087227, 0.0, 0.0702282264828682, 0.06565834581851959, 0.0702499970793724, 0.0, 0.0, 0.0, 0.0, 0.0, 0.0, 0.0, 0.0, -0.030249997973442078, -0.030249999836087227, -0.030249999836087227, -0.030249997973442078, -0.030249999836087227, -0.030249999836087227, -0.030249999836087227, -0.030249997973442078, -0.030249999836087227, -0.030250001698732376, -0.030249999836087227, -0.030249999836087227, -0.030249999836087227, -0.030249997973442078, -0.030249999836087227, -0.030250001698732376, -0.030249997973442078, -0.030249999836087227, -0.030249999836087227, -0.030249999836087227, -0.030249997973442078, -0.030249999836087227, -0.030250001698732376, -0.030249999836087227, -0.030249997973442078, -0.030250001698732376, -0.030249999836087227, -0.030250001698732376, -0.030249999836087227, -0.030249999836087227, -0.030249999836087227, -0.030249999836087227, -0.030249999836087227, -0.030249999836087227, -0.030250001698732376, -0.030249999836087227, -0.030249999836087227, -0.030250001698732376, -0.030249999836087227, -0.030249999836087227, -0.030249999836087227, -0.030249999836087227, -0.030249999836087227, -0.030249999836087227, -0.030249999836087227, -0.030249999836087227, -0.030249999836087227, -0.030249999836087227, -0.030249999836087227, -0.030249999836087227, -0.030249999836087227, -0.030249999836087227, -0.030249999836087227, -0.030249999836087227, -0.030250001698732376, -0.030249999836087227, -0.030249997973442078, -0.030249999836087227, -0.030249997973442078, -0.030249999836087227, -0.030249999836087227, -0.030249999836087227, -0.030249999836087227, -0.030249999836087227, -0.030249999836087227, -0.030249999836087227, -0.030249999836087227, -0.030249999836087227, -0.030249999836087227, -0.030249999836087227, -0.030249999836087227, -0.030249999836087227, -0.030249999836087227, -0.030249999836087227, -0.030249997973442078, -0.030249999836087227, -0.030249999836087227, -0.030249999836087227, -0.030249999836087227, -0.030249999836087227, -0.030249999836087227, -0.030249999836087227, -0.030249997973442078, -0.030249999836087227, -0.030250001698732376, -0.030250001698732376, -0.030249997973442078, -0.030249999836087227, -0.030249999836087227, -0.030249999836087227, -0.030249999836087227, -0.030250001698732376, -0.030249999836087227, -0.030249999836087227, -0.030249997973442078, -0.030249999836087227, -0.030249999836087227, -0.030249999836087227, -0.030249999836087227, -0.030249999836087227, -0.030249999836087227, -0.030249999836087227, -0.030249999836087227, -0.030249999836087227, -0.030249999836087227, -0.030249997973442078, -0.030249999836087227, -0.030249999836087227, -0.030249997973442078, -0.030249999836087227]

Device/SubDeviceList/RAnkleRoll/ElectricCurrent/Sensor/Value = [0.14400000870227814, 0.0, 0.4960000216960907, 0.5760000348091125, 0.0, 0.4320000112056732, 0.64000004529953, 0.12800000607967377, 0.64000004529953, 0.1600000113248825, 0.0, 0.0, 0.0, 0.0, 0.0, 0.0, 0.0, 0.0, 0.0, 0.0, 0.0, 0.0, 0.0, 0.0, 0.0, 0.0, 0.0, 0.0, 0.0, 0.0, 0.0, 0.0, 0.0, 0.0, 0.0, 0.0, 0.0, 0.0, 0.0, 0.0, 0.0, 0.0, 0.0, 0.0, 0.0, 0.0, 0.0, 0.0, 0.0, 0.0, 0.0, 0.0, 0.0, 0.0, 0.0, 0.0, 0.0, 0.0, 0.0, 0.0, 0.0, 0.0, 0.0, 0.0, 0.0, 0.0, 0.0, 0.0, 0.0, 0.0, 0.0, 0.0, 0.0, 0.0, 0.0, 0.0, 0.0, 0.0, 0.0, 0.0, 0.0, 0.0, 0.0, 0.0, 0.0, 0.0, 0.0, 0.0, 0.0, 0.0, 0.0, 0.0, 0.0, 0.0, 0.0, 0.0, 0.0, 0.0, 0.0, 0.0, 0.0, 0.0, 0.0, 0.0, 0.0, 0.0, 0.0, 0.0, 0.0, 0.0, 0.0, 0.0, 0.0, 0.0, 0.0, 0.0, 0.0, 0.0, 0.0, 0.0, 0.0, 0.0, 0.0, 0.0, 0.0, 0.0, 0.0, 0.0, 0.0]

Device/SubDeviceList/RFoot/FSR/TotalWeight/Sensor/Value = [0.002675017574802041, 0.006804325617849827, 0.008731444366276264, 0.006398149766027927, 2.644998550415039, 1.2654170989990234, 3.65142822265625, 4.023659706115723, 2.227883815765381, 0.017733154818415642, 0.007212865632027388, 0.472105473279953, 0.0069402484223246574, 0.0012407026952132583, 0.0005761330830864608, 0.005994325503706932, 0.002675017574802041, 0.007349572144448757, 0.0024621756747365, 0.0, 0.0, 0.0, 0.0, 0.0, 0.0, 0.0, 0.0, 0.0, 0.0, 0.0, 0.0, 0.0, 0.0, 0.0, 0.0, 0.0, 0.0, 0.0, 0.0, 0.0, 0.0, 0.0, 0.0, 0.0, 0.0, 0.0, 0.0, 0.0, 0.0, 0.0, 0.0, 0.0, 0.0, 0.0, 0.0, 0.0, 0.0, 0.0, 0.0, 0.0, 0.0, 0.0, 0.0, 0.0, 0.0, 0.0, 0.0, 0.0, 0.0, 0.0, 0.0, 0.0, 0.0, 0.0, 0.0, 0.0, 0.0, 0.0, 0.0, 0.0, 0.0, 0.0, 0.0, 0.0, 0.0, 0.0, 0.0, 0.0, 0.0, 0.0, 0.0, 0.0, 0.0, 0.0, 0.0, 0.0, 0.0, 0.0, 0.0, 0.0, 0.0, 0.0, 0.0, 0.0, 0.0, 0.0, 0.0, 0.0, 0.0, 0.0, 0.0, 0.0, 0.0, 0.0, 0.0, 0.0, 0.0, 0.0, 0.0, 0.0, 0.0, 0.0, 0.0, 0.0, 0.0, 0.0, 0.0, 0.0, 0.0]

Device/SubDeviceList/RHipPitch/ElectricCurrent/Sensor/Value = [0.01600000075995922, 0.09600000083446503, 0.0, 0.0, 0.4960000216960907, 0.0, 0.0, 0.0, 0.0, 0.09600000083446503, 0.12800000607967377, 0.0, 0.0, 0.0, 0.0, 0.0, 0.0, 0.0, 0.0, 0.0, 0.0, 0.0, 0.0, 0.0, 0.0, 0.0, 0.0, 0.0, 0.0, 0.0, 0.0, 0.0, 0.0, 0.0, 0.0, 0.0, 0.0, 0.0, 0.0, 0.0, 0.0, 0.0, 0.0, 0.0, 0.0, 0.0, 0.0, 0.0, 0.0, 0.0, 0.0, 0.0, 0.0, 0.0, 0.0, 0.0, 0.0, 0.0, 0.0, 0.0, 0.0, 0.0, 0.0, 0.0, 0.0, 0.0, 0.0, 0.0, 0.0, 0.0, 0.0, 0.0, 0.0, 0.0, 0.0, 0.0, 0.0, 0.0, 0.0, 0.0, 0.0, 0.0, 0.0, 0.0, 0.0, 0.0, 0.0, 0.0, 0.0, 0.0, 0.0, 0.0, 0.0, 0.0, 0.0, 0.0, 0.0, 0.0, 0.0, 0.0, 0.0, 0.0, 0.0, 0.0, 0.0, 0.0, 0.0, 0.0, 0.0, 0.0, 0.0, 0.0, 0.0, 0.0, 0.0, 0.0, 0.0, 0.0, 0.0, 0.0, 0.0, 0.0, 0.0, 0.0, 0.0, 0.0, 0.0, 0.0, 0.0]

Device/SubDeviceList/RFoot/FSR/CenterOfPressure/Y/Sensor/Value = [-0.029899999499320984, -0.029899999499320984, -0.029899999499320984, -0.029899997636675835, 0.020533058792352676, -0.02505054883658886, -0.029899999499320984, -0.029899997636675835, -0.029899999499320984, -0.029899999499320984, -0.029900001361966133, -0.029899999499320984, 0.0, -0.029899999499320984, -0.029899999499320984, -0.029899999499320984, -0.029899997636675835, -0.029899999499320984, -0.029899999499320984, 0.0, 0.0, 0.0, 0.0, 0.0, 0.0, 0.0, 0.0, 0.0, 0.0, 0.0, 0.0, 0.0, 0.0, 0.0, 0.0, 0.0, 0.0, 0.0, 0.0, 0.0, 0.0, 0.0, 0.0, 0.0, 0.0, 0.0, 0.0, 0.0, 0.0, 0.0, 0.0, 0.0, 0.0, 0.0, 0.0, 0.0, 0.0, 0.0, 0.0, 0.0, 0.0, 0.0, 0.0, 0.0, 0.0, 0.0, 0.0, 0.0, 0.0, 0.0, 0.0, 0.0, 0.0, 0.0, 0.0, 0.0, 0.0, 0.0, 0.0, 0.0, 0.0, 0.0, 0.0, 0.0, 0.0, 0.0, 0.0, 0.0, 0.0, 0.0, 0.0, 0.0, 0.0, 0.0, 0.0, 0.0, 0.0, 0.0, 0.0, 0.0, 0.0, 0.0, 0.0, 0.0, 0.0, 0.0, 0.0, 0.0, 0.0, 0.0, 0.0, 0.0, 0.0, 0.0, 0.0, 0.0, 0.0, 0.0, 0.0, 0.0, 0.0, 0.0, 0.0, 0.0, 0.0, 0.0, 0.0, 0.0, 0.0]

Device/SubDeviceList/LAnklePitch/Position/Sensor/Value = [-0.5507478713989258, -0.5952339172363281, -0.6765360832214355, -0.7256240844726562, -0.7777800559997559, -0.6611959934234619, -0.46637797355651855, -0.5936999320983887, -0.6918759346008301, -0.678070068359375, -0.6489238739013672, -0.6228458881378174, -0.618243932723999, -0.5967679023742676, -0.598301887512207, -0.6090400218963623, -0.6335840225219727, -0.6535260677337646, -0.6565940380096436, -0.6550600528717041, -0.6550600528717041, -0.6550600528717041, -0.6550600528717041, -0.6550600528717041, -0.6550600528717041, -0.6550600528717041, -0.6550600528717041, -0.6550600528717041, -0.6550600528717041, -0.6550600528717041, -0.6550600528717041, -0.6550600528717041, -0.6550600528717041, -0.6550600528717041, -0.6550600528717041, -0.6550600528717041, -0.6550600528717041, -0.6550600528717041, -0.6550600528717041, -0.6550600528717041, -0.6550600528717041, -0.6550600528717041, -0.6550600528717041, -0.6550600528717041, -0.6550600528717041, -0.6550600528717041, -0.6550600528717041, -0.6550600528717041, -0.6550600528717041, -0.6550600528717041, -0.6550600528717041, -0.6550600528717041, -0.6550600528717041, -0.6550600528717041, -0.6550600528717041, -0.6550600528717041, -0.6550600528717041, -0.6550600528717041, -0.6550600528717041, -0.6550600528717041, -0.6550600528717041, -0.6550600528717041, -0.6550600528717041, -0.6550600528717041, -0.6550600528717041, -0.6550600528717041, -0.6550600528717041, -0.6550600528717041, -0.6550600528717041, -0.6550600528717041, -0.6550600528717041, -0.6550600528717041, -0.6550600528717041, -0.6550600528717041, -0.6550600528717041, -0.6550600528717041, -0.6550600528717041, -0.6550600528717041, -0.6550600528717041, -0.6550600528717041, -0.6550600528717041, -0.6550600528717041, -0.6550600528717041, -0.6550600528717041, -0.6550600528717041, -0.6550600528717041, -0.6550600528717041, -0.6550600528717041, -0.6550600528717041, -0.6550600528717041, -0.6550600528717041, -0.6550600528717041, -0.6550600528717041, -0.6550600528717041, -0.6550600528717041, -0.6550600528717041, -0.6550600528717041, -0.6550600528717041, -0.6550600528717041, -0.6550600528717041, -0.6550600528717041, -0.6550600528717041, -0.6550600528717041, -0.6550600528717041, -0.6550600528717041, -0.6550600528717041, -0.6550600528717041, -0.6550600528717041, -0.6550600528717041, -0.6550600528717041, -0.6550600528717041, -0.6550600528717041, -0.6550600528717041, -0.6550600528717041, -0.6550600528717041, -0.6550600528717041, -0.6550600528717041, -0.6550600528717041, -0.6550600528717041, -0.6550600528717041, -0.6550600528717041, -0.6550600528717041, -0.6550600528717041, -0.6550600528717041, -0.6550600528717041, -0.6550600528717041, -0.6550600528717041, -0.6550600528717041, -0.6550600528717041]

Device/SubDeviceList/RAnklePitch/Position/Sensor/Value = [-0.6365680694580078, -0.42180800437927246, -0.5261199474334717, -0.5936160087585449, -0.6335000991821289, -0.7055981159210205, -0.7761621475219727, -0.9080860614776611, -1.0231361389160156, -0.931096076965332, -0.9648439884185791, -1.004728078842163, -1.004728078842163, -1.004728078842163, -1.004728078842163, -1.004728078842163, -1.004728078842163, -1.004728078842163, -1.004728078842163, -1.004728078842163, -1.004728078842163, -1.004728078842163, -1.004728078842163, -1.004728078842163, -1.004728078842163, -1.004728078842163, -1.004728078842163, -1.004728078842163, -1.004728078842163, -1.004728078842163, -1.004728078842163, -1.004728078842163, -1.004728078842163, -1.004728078842163, -1.004728078842163, -1.004728078842163, -1.004728078842163, -1.004728078842163, -1.004728078842163, -1.004728078842163, -1.004728078842163, -1.004728078842163, -1.004728078842163, -1.004728078842163, -1.004728078842163, -1.004728078842163, -1.004728078842163, -1.004728078842163, -1.004728078842163, -1.004728078842163, -1.004728078842163, -1.004728078842163, -1.004728078842163, -1.004728078842163, -1.004728078842163, -1.004728078842163, -1.004728078842163, -1.004728078842163, -1.004728078842163, -1.004728078842163, -1.004728078842163, -1.004728078842163, -1.004728078842163, -1.004728078842163, -1.004728078842163, -1.004728078842163, -1.004728078842163, -1.004728078842163, -1.004728078842163, -1.004728078842163, -1.004728078842163, -1.004728078842163, -1.004728078842163, -1.004728078842163, -1.004728078842163, -1.004728078842163, -1.004728078842163, -1.004728078842163, -1.004728078842163, -1.004728078842163, -1.004728078842163, -1.004728078842163, -1.004728078842163, -1.004728078842163, -1.004728078842163, -1.004728078842163, -1.004728078842163, -1.004728078842163, -1.004728078842163, -1.004728078842163, -1.004728078842163, -1.004728078842163, -1.004728078842163, -1.004728078842163, -1.004728078842163, -1.004728078842163, -1.004728078842163, -1.004728078842163, -1.004728078842163, -1.004728078842163, -1.004728078842163, -1.004728078842163, -1.004728078842163, -1.004728078842163, -1.004728078842163, -1.004728078842163, -1.004728078842163, -1.004728078842163, -1.004728078842163, -1.004728078842163, -1.004728078842163, -1.004728078842163, -1.004728078842163, -1.004728078842163, -1.004728078842163, -1.004728078842163, -1.004728078842163, -1.004728078842163, -1.004728078842163, -1.004728078842163, -1.004728078842163, -1.004728078842163, -1.004728078842163, -1.004728078842163, -1.004728078842163, -1.004728078842163, -1.004728078842163, -1.004728078842163, -1.004728078842163]

Device/SubDeviceList/LFoot/FSR/CenterOfPressure/Y/Sensor/Value = [0.02744281478226185, 0.029899997636675835, 0.029899997636675835, 0.029900001361966133, 0.029899999499320984, 0.029899999499320984, 0.029899999499320984, 0.0, -0.023088516667485237, -0.012334136292338371, -0.01973722316324711, 0.0, 0.0, 0.0, 0.0, 0.0, 0.0, 0.0, 0.0, 0.029899999499320984, 0.029899999499320984, 0.029899997636675835, 0.029900001361966133, 0.029899999499320984, 0.029899999499320984, 0.029899999499320984, 0.029899997636675835, 0.029899999499320984, 0.029900001361966133, 0.029900001361966133, 0.029900001361966133, 0.029899999499320984, 0.029899999499320984, 0.029899999499320984, 0.029899999499320984, 0.029899997636675835, 0.029899999499320984, 0.029899997636675835, 0.029899997636675835, 0.029899999499320984, 0.029899999499320984, 0.029899999499320984, 0.029899999499320984, 0.029899999499320984, 0.029899999499320984, 0.029899999499320984, 0.029899999499320984, 0.029899999499320984, 0.029899999499320984, 0.029899999499320984, 0.029899999499320984, 0.029899999499320984, 0.029900001361966133, 0.029899999499320984, 0.029899999499320984, 0.029899999499320984, 0.029899999499320984, 0.029899999499320984, 0.029899999499320984, 0.029899999499320984, 0.029899999499320984, 0.029899999499320984, 0.029899999499320984, 0.029899999499320984, 0.029899999499320984, 0.029899999499320984, 0.029899999499320984, 0.029899999499320984, 0.029899999499320984, 0.029899999499320984, 0.029899997636675835, 0.029899997636675835, 0.029899999499320984, 0.029899999499320984, 0.029899999499320984, 0.029899999499320984, 0.029899999499320984, 0.029899999499320984, 0.029899999499320984, 0.029899999499320984, 0.029899999499320984, 0.029899999499320984, 0.029899999499320984, 0.029899999499320984, 0.029899999499320984, 0.029899999499320984, 0.029899999499320984, 0.029899999499320984, 0.029899999499320984, 0.029899999499320984, 0.029899997636675835, 0.029899999499320984, 0.029899999499320984, 0.029899999499320984, 0.029899999499320984, 0.029899999499320984, 0.029899999499320984, 0.029899999499320984, 0.029899999499320984, 0.029899999499320984, 0.029899999499320984, 0.029899997636675835, 0.029899999499320984, 0.029899999499320984, 0.029899999499320984, 0.029899997636675835, 0.029899999499320984, 0.029900001361966133, 0.029899999499320984, 0.029899999499320984, 0.029899997636675835, 0.029900001361966133, 0.029900001361966133, 0.029899997636675835, 0.029899999499320984, 0.029899999499320984, 0.029899999499320984, 0.029899999499320984, 0.029899999499320984, 0.029899999499320984, 0.029899997636675835, 0.029899997636675835, 0.029899999499320984, 0.029899999499320984, 0.029899999499320984, 0.029900001361966133, 0.029899999499320984, 0.029899999499320984, 0.029899999499320984]

Device/SubDeviceList/LAnkleRoll/ElectricCurrent/Sensor/Value = [0.2880000174045563, 0.6880000233650208, 0.03200000151991844, 0.04800000041723251, 0.19200000166893005, 0.0, 0.0, 0.0, 0.5760000348091125, 0.4480000138282776, 0.09600000083446503, 0.0, 0.0, 0.0, 0.0, 0.0, 0.0, 0.0, 0.0, 0.0, 0.0, 0.0, 0.0, 0.0, 0.0, 0.0, 0.0, 0.0, 0.0, 0.0, 0.0, 0.0, 0.0, 0.0, 0.0, 0.0, 0.0, 0.0, 0.0, 0.0, 0.0, 0.0, 0.0, 0.0, 0.0, 0.0, 0.0, 0.0, 0.0, 0.0, 0.0, 0.0, 0.0, 0.0, 0.0, 0.0, 0.0, 0.0, 0.0, 0.0, 0.0, 0.0, 0.0, 0.0, 0.0, 0.0, 0.0, 0.0, 0.0, 0.0, 0.0, 0.0, 0.0, 0.0, 0.0, 0.0, 0.0, 0.0, 0.0, 0.0, 0.0, 0.0, 0.0, 0.0, 0.0, 0.0, 0.0, 0.0, 0.0, 0.0, 0.0, 0.0, 0.0, 0.0, 0.0, 0.0, 0.0, 0.0, 0.0, 0.0, 0.0, 0.0, 0.0, 0.0, 0.0, 0.0, 0.0, 0.0, 0.0, 0.0, 0.0, 0.0, 0.0, 0.0, 0.0, 0.0, 0.0, 0.0, 0.0, 0.0, 0.0, 0.0, 0.0, 0.0, 0.0, 0.0, 0.0, 0.0, 0.0]

Device/SubDeviceList/RKneePitch/Position/Sensor/Value = [1.268660068511963, 1.0002098083496094, 1.0876479148864746, 1.1014537811279297, 0.9495878219604492, 0.8590822219848633, 0.8314700126647949, 0.7900519371032715, 0.6596620082855225, 1.0799779891967773, 1.2471837997436523, 1.2471837997436523, 1.1796879768371582, 1.1612801551818848, 1.1582121849060059, 1.1566781997680664, 1.1474738121032715, 1.1352019309997559, 1.1060562133789062, 1.0876479148864746, 1.0876479148864746, 1.0876479148864746, 1.0876479148864746, 1.0876479148864746, 1.0876479148864746, 1.0876479148864746, 1.089181900024414, 1.0876479148864746, 1.0876479148864746, 1.0876479148864746, 1.0876479148864746, 1.089181900024414, 1.0876479148864746, 1.0876479148864746, 1.0876479148864746, 1.0876479148864746, 1.0876479148864746, 1.0876479148864746, 1.089181900024414, 1.0876479148864746, 1.0876479148864746, 1.0876479148864746, 1.0876479148864746, 1.089181900024414, 1.0876479148864746, 1.0876479148864746, 1.0876479148864746, 1.089181900024414, 1.0876479148864746, 1.0876479148864746, 1.0876479148864746, 1.0876479148864746, 1.0876479148864746, 1.0876479148864746, 1.0876479148864746, 1.0876479148864746, 1.089181900024414, 1.089181900024414, 1.0876479148864746, 1.089181900024414, 1.0876479148864746, 1.0876479148864746, 1.0876479148864746, 1.0876479148864746, 1.0876479148864746, 1.0876479148864746, 1.0876479148864746, 1.0876479148864746, 1.0876479148864746, 1.0876479148864746, 1.0876479148864746, 1.0876479148864746, 1.0876479148864746, 1.089181900024414, 1.0876479148864746, 1.089181900024414, 1.0876479148864746, 1.0876479148864746, 1.0876479148864746, 1.0876479148864746, 1.0876479148864746, 1.0876479148864746, 1.0876479148864746, 1.0876479148864746, 1.0876479148864746, 1.0876479148864746, 1.0876479148864746, 1.0876479148864746, 1.089181900024414, 1.0876479148864746, 1.0876479148864746, 1.0876479148864746, 1.0876479148864746, 1.0876479148864746, 1.0876479148864746, 1.0876479148864746, 1.0876479148864746, 1.089181900024414, 1.0876479148864746, 1.0876479148864746, 1.0876479148864746, 1.0876479148864746, 1.0876479148864746, 1.0876479148864746, 1.0876479148864746, 1.0876479148864746, 1.0876479148864746, 1.0876479148864746, 1.0876479148864746, 1.089181900024414, 1.0876479148864746, 1.0876479148864746, 1.0876479148864746, 1.0876479148864746, 1.0876479148864746, 1.0876479148864746, 1.0876479148864746, 1.0876479148864746, 1.089181900024414, 1.0876479148864746, 1.0876479148864746, 1.0876479148864746, 1.089181900024414, 1.0876479148864746, 1.0876479148864746, 1.0876479148864746, 1.0876479148864746, 1.0876479148864746, 1.0876479148864746]

Device/SubDeviceList/LAnklePitch/ElectricCurrent/Sensor/Value = [0.2240000069141388, 0.14400000870227814, 0.06400000303983688, 0.5600000023841858, 0.08000000566244125, 0.0, 0.0, 0.0, 1.440000057220459, 1.7440000772476196, 0.5920000076293945, 0.0, 0.0, 0.0, 0.0, 0.0, 0.0, 0.0, 0.0, 0.0, 0.0, 0.0, 0.0, 0.0, 0.0, 0.0, 0.0, 0.0, 0.0, 0.0, 0.0, 0.0, 0.0, 0.0, 0.0, 0.0, 0.0, 0.0, 0.0, 0.0, 0.0, 0.0, 0.0, 0.0, 0.0, 0.0, 0.0, 0.0, 0.0, 0.0, 0.0, 0.0, 0.0, 0.0, 0.0, 0.0, 0.0, 0.0, 0.0, 0.0, 0.0, 0.0, 0.0, 0.0, 0.0, 0.0, 0.0, 0.0, 0.0, 0.0, 0.0, 0.0, 0.0, 0.0, 0.0, 0.0, 0.0, 0.0, 0.0, 0.0, 0.0, 0.0, 0.0, 0.0, 0.0, 0.0, 0.0, 0.0, 0.0, 0.0, 0.0, 0.0, 0.0, 0.0, 0.0, 0.0, 0.0, 0.0, 0.0, 0.0, 0.0, 0.0, 0.0, 0.0, 0.0, 0.0, 0.0, 0.0, 0.0, 0.0, 0.0, 0.0, 0.0, 0.0, 0.0, 0.0, 0.0, 0.0, 0.0, 0.0, 0.0, 0.0, 0.0, 0.0, 0.0, 0.0, 0.0, 0.0, 0.0]

Device/SubDeviceList/LHipYawPitch/ElectricCurrent/Sensor/Value = [0.0, 0.3840000033378601, 0.24000000953674316, 0.0, 0.1120000034570694, 0.0, 0.17600001394748688, 0.2880000174045563, 0.14400000870227814, 0.08000000566244125, 0.2240000069141388, 0.0, 0.0, 0.0, 0.0, 0.0, 0.0, 0.0, 0.0, 0.0, 0.0, 0.0, 0.0, 0.0, 0.0, 0.0, 0.0, 0.0, 0.0, 0.0, 0.0, 0.0, 0.0, 0.0, 0.0, 0.0, 0.0, 0.0, 0.0, 0.0, 0.0, 0.0, 0.0, 0.0, 0.0, 0.0, 0.0, 0.0, 0.0, 0.0, 0.0, 0.0, 0.0, 0.0, 0.0, 0.0, 0.0, 0.0, 0.0, 0.0, 0.0, 0.0, 0.0, 0.0, 0.0, 0.0, 0.0, 0.0, 0.0, 0.0, 0.0, 0.0, 0.0, 0.0, 0.0, 0.0, 0.0, 0.0, 0.0, 0.0, 0.0, 0.0, 0.0, 0.0, 0.0, 0.0, 0.0, 0.0, 0.0, 0.0, 0.0, 0.0, 0.0, 0.0, 0.0, 0.0, 0.0, 0.0, 0.0, 0.0, 0.0, 0.0, 0.0, 0.0, 0.0, 0.0, 0.0, 0.0, 0.0, 0.0, 0.0, 0.0, 0.0, 0.0, 0.0, 0.0, 0.0, 0.0, 0.0, 0.0, 0.0, 0.0, 0.0, 0.0, 0.0, 0.0, 0.0, 0.0, 0.0]

Device/SubDeviceList/RKneePitch/ElectricCurrent/Sensor/Value = [0.0, 0.5600000023841858, 0.04800000041723251, 0.0, 0.06400000303983688, 0.8640000224113464, 0.4960000216960907, 0.7680000066757202, 0.0, 0.03200000151991844, 0.0, 0.0, 0.0, 0.0, 0.0, 0.0, 0.0, 0.0, 0.0, 0.0, 0.0, 0.0, 0.0, 0.0, 0.0, 0.0, 0.0, 0.0, 0.0, 0.0, 0.0, 0.0, 0.0, 0.0, 0.0, 0.0, 0.0, 0.0, 0.0, 0.0, 0.0, 0.0, 0.0, 0.0, 0.0, 0.0, 0.0, 0.0, 0.0, 0.0, 0.0, 0.0, 0.0, 0.0, 0.0, 0.0, 0.0, 0.0, 0.0, 0.0, 0.0, 0.0, 0.0, 0.0, 0.0, 0.0, 0.0, 0.0, 0.0, 0.0, 0.0, 0.0, 0.0, 0.0, 0.0, 0.0, 0.0, 0.0, 0.0, 0.0, 0.0, 0.0, 0.0, 0.0, 0.0, 0.0, 0.0, 0.0, 0.0, 0.0, 0.0, 0.0, 0.0, 0.0, 0.0, 0.0, 0.0, 0.0, 0.0, 0.0, 0.0, 0.0, 0.0, 0.0, 0.0, 0.0, 0.0, 0.0, 0.0, 0.0, 0.0, 0.0, 0.0, 0.0, 0.0, 0.0, 0.0, 0.0, 0.0, 0.0, 0.0, 0.0, 0.0, 0.0, 0.0, 0.0, 0.0, 0.0, 0.0]

Device/SubDeviceList/InertialSensor/GyroscopeZ/Sensor/Value = [-0.25433188676834106, -0.4189152419567108, 0.18216022849082947, 0.4133225977420807, -0.16138756275177002, -0.26391926407814026, -0.014114754274487495, -0.2593919038772583, 0.2809635102748871, 0.8452873229980469, 1.3219932317733765, -0.16511599719524384, 1.0751181840896606, -3.3526535034179688, 0.9781790971755981, 0.14407701790332794, -0.11291803419589996, -0.14913702011108398, -0.07590009272098541, 0.16644756495952606, 0.125168576836586, 0.013049489818513393, 0.007190534844994545, 0.009054748341441154, 0.007723167538642883, 0.006657903082668781, 0.007723167538642883, 0.000532632227987051, -0.0023968450259417295, 0.000532632227987051, -0.002663161139935255, 0.0018642127979546785, 0.000532632227987051, 0.0007989483419805765, 0.004261057823896408, 0.003195793367922306, -0.0018642127979546785, -0.0013315805699676275, 0.003195793367922306, 0.0013315805699676275, -0.0002663161139935255, -0.0002663161139935255, -0.0007989483419805765, 0.0002663161139935255, -0.0007989483419805765, -0.0002663161139935255, -0.000532632227987051, -0.001597896683961153, -0.001597896683961153, -0.002130528911948204, 0.001065264455974102, 0.001597896683961153, 0.001065264455974102, 0.0002663161139935255, 0.0002663161139935255, 0.0013315805699676275, 0.001597896683961153, -0.0018642127979546785, 0.003994741477072239, -0.0002663161139935255, -0.000532632227987051, -0.0007989483419805765, -0.0013315805699676275, -0.0023968450259417295, -0.001065264455974102, 0.0023968450259417295, 0.001065264455974102, -0.001597896683961153, 0.0018642127979546785, -0.003728425595909357, 0.0013315805699676275, -0.001065264455974102, 0.0002663161139935255, -0.0002663161139935255, 0.001597896683961153, -0.0018642127979546785, 0.002130528911948204, 0.001597896683961153, 0.000532632227987051, 0.0002663161139935255, 0.002663161139935255, 0.0, 0.001065264455974102, 0.0002663161139935255, 0.0029294772539287806, -0.0018642127979546785, 0.0, 0.0007989483419805765, -0.001597896683961153, -0.0018642127979546785, 0.0007989483419805765, -0.0002663161139935255, -0.0002663161139935255, 0.0002663161139935255, 0.0002663161139935255, -0.0007989483419805765, -0.001597896683961153, -0.0002663161139935255, -0.0002663161139935255, -0.004793690051883459, 0.0013315805699676275, -0.000532632227987051, 0.001065264455974102, 0.0, -0.001065264455974102, 0.0, 0.0, -0.0002663161139935255, 0.0, 0.0, 0.0007989483419805765, 0.0007989483419805765, 0.0023968450259417295, -0.000532632227987051, -0.0002663161139935255, 0.001065264455974102, -0.001065264455974102, 0.0002663161139935255, 0.004261057823896408, 0.0, 0.0002663161139935255, 0.000532632227987051, 0.002663161139935255, 0.0002663161139935255, -0.001597896683961153, -0.001597896683961153, 0.0, -0.001597896683961153, -0.0002663161139935255]

Device/SubDeviceList/InertialSensor/AngleZ/Sensor/Value = [-1.5518133640289307, -1.586519718170166, -1.6097211837768555, -1.5719468593597412, -1.5579493045806885, -1.5941895246505737, -1.5769323110580444, -1.5725220441818237, -1.564276933670044, -1.4950560331344604, -1.393621563911438, -1.4191240072250366, -1.3548885583877563, -1.5065609216690063, -1.3911288976669312, -1.329577922821045, -1.3307284116744995, -1.3522040843963623, -1.3639006614685059, -1.3495196104049683, -1.3341798782348633, -1.3324540853500366, -1.3314954042434692, -1.3307284116744995, -1.3301531076431274, -1.3293861150741577, -1.3288109302520752, -1.3288109302520752, -1.328619122505188, -1.3288109302520752, -1.3290026187896729, -1.3288109302520752, -1.328619122505188, -1.328619122505188, -1.3284274339675903, -1.3282356262207031, -1.3284274339675903, -1.328619122505188, -1.3284274339675903, -1.3284274339675903, -1.3282356262207031, -1.3284274339675903, -1.3284274339675903, -1.3282356262207031, -1.3282356262207031, -1.3284274339675903, -1.3284274339675903, -1.328619122505188, -1.328619122505188, -1.328619122505188, -1.328619122505188, -1.328619122505188, -1.328619122505188, -1.3284274339675903, -1.3284274339675903, -1.3282356262207031, -1.3282356262207031, -1.3284274339675903, -1.3284274339675903, -1.3284274339675903, -1.3284274339675903, -1.328619122505188, -1.328619122505188, -1.328619122505188, -1.3288109302520752, -1.328619122505188, -1.328619122505188, -1.3288109302520752, -1.3288109302520752, -1.3288109302520752, -1.3290026187896729, -1.3288109302520752, -1.3290026187896729, -1.3288109302520752, -1.3288109302520752, -1.3288109302520752, -1.328619122505188, -1.328619122505188, -1.3284274339675903, -1.3284274339675903, -1.3284274339675903, -1.3284274339675903, -1.3284274339675903, -1.3282356262207031, -1.3280439376831055, -1.3282356262207031, -1.3282356262207031, -1.3284274339675903, -1.3284274339675903, -1.3284274339675903, -1.3284274339675903, -1.3284274339675903, -1.3284274339675903, -1.328619122505188, -1.328619122505188, -1.328619122505188, -1.3288109302520752, -1.3288109302520752, -1.3288109302520752, -1.3288109302520752, -1.3290026187896729, -1.3288109302520752, -1.3290026187896729, -1.3290026187896729, -1.32919442653656, -1.32919442653656, -1.3290026187896729, -1.3290026187896729, -1.32919442653656, -1.32919442653656, -1.32919442653656, -1.3290026187896729, -1.3290026187896729, -1.3290026187896729, -1.3290026187896729, -1.3290026187896729, -1.3290026187896729, -1.32919442653656, -1.3290026187896729, -1.3288109302520752, -1.3288109302520752, -1.3288109302520752, -1.328619122505188, -1.328619122505188, -1.328619122505188, -1.3288109302520752, -1.3288109302520752, -1.3288109302520752, -1.3288109302520752]

Device/SubDeviceList/InertialSensor/AccelerometerY/Sensor/Value = [-1.9160157442092896, -1.8106348514556885, -3.2668068408966064, -2.931504011154175, -0.40236330032348633, 2.893183708190918, 3.2284865379333496, 4.263134956359863, 4.924160480499268, 1.590293049812317, 1.5998730659484863, 5.230722904205322, -0.09580078721046448, 10.375225067138672, 4.866679668426514, 2.4812402725219727, 3.7649707794189453, 3.7362306118011475, 4.081113338470459, 3.5350489616394043, 3.381767749786377, 3.4679884910583496, 3.4488282203674316, 3.4392480850219727, 3.410507917404175, 3.4392480850219727, 3.4584083557128906, 3.4392480850219727, 3.4296681880950928, 3.410507917404175, 3.4392480850219727, 3.410507917404175, 3.420088052749634, 3.410507917404175, 3.410507917404175, 3.400927782058716, 3.4296681880950928, 3.4488282203674316, 3.4296681880950928, 3.410507917404175, 3.410507917404175, 3.410507917404175, 3.4296681880950928, 3.4296681880950928, 3.4392480850219727, 3.4296681880950928, 3.4488282203674316, 3.4296681880950928, 3.410507917404175, 3.410507917404175, 3.4296681880950928, 3.4584083557128906, 3.4296681880950928, 3.4296681880950928, 3.4296681880950928, 3.4679884910583496, 3.4488282203674316, 3.420088052749634, 3.4584083557128906, 3.4296681880950928, 3.4296681880950928, 3.410507917404175, 3.4488282203674316, 3.4392480850219727, 3.400927782058716, 3.420088052749634, 3.4584083557128906, 3.420088052749634, 3.410507917404175, 3.4296681880950928, 3.410507917404175, 3.4296681880950928, 3.420088052749634, 3.420088052749634, 3.4488282203674316, 3.4296681880950928, 3.4296681880950928, 3.410507917404175, 3.4392480850219727, 3.4392480850219727, 3.420088052749634, 3.420088052749634, 3.420088052749634, 3.4392480850219727, 3.420088052749634, 3.400927782058716, 3.420088052749634, 3.420088052749634, 3.420088052749634, 3.410507917404175, 3.420088052749634, 3.4392480850219727, 3.4488282203674316, 3.4296681880950928, 3.410507917404175, 3.420088052749634, 3.4296681880950928, 3.4488282203674316, 3.420088052749634, 3.410507917404175, 3.4296681880950928, 3.4392480850219727, 3.4392480850219727, 3.4296681880950928, 3.420088052749634, 3.4296681880950928, 3.4296681880950928, 3.410507917404175, 3.410507917404175, 3.420088052749634, 3.4392480850219727, 3.4296681880950928, 3.420088052749634, 3.4296681880950928, 3.4584083557128906, 3.420088052749634, 3.400927782058716, 3.400927782058716, 3.420088052749634, 3.4392480850219727, 3.410507917404175, 3.4296681880950928, 3.420088052749634, 3.4488282203674316, 3.4296681880950928, 3.420088052749634, 3.420088052749634, 3.4296681880950928, 3.420088052749634]

Device/SubDeviceList/RAnkleRoll/Position/Sensor/Value = [0.32831788063049316, 0.297637939453125, 0.1534419059753418, 4.1961669921875e-05, -0.056715965270996094, -0.12114405632019043, -0.06745409965515137, 0.047595977783203125, 0.1733839511871338, 0.13810205459594727, 0.12276196479797363, 0.13196587562561035, 0.12889790534973145, 0.11202406883239746, 0.11202406883239746, 0.11355805397033691, 0.11355805397033691, 0.11355805397033691, 0.11355805397033691, 0.11355805397033691, 0.11509203910827637, 0.11509203910827637, 0.11509203910827637, 0.11509203910827637, 0.11509203910827637, 0.11509203910827637, 0.11509203910827637, 0.11509203910827637, 0.11509203910827637, 0.11355805397033691, 0.11355805397033691, 0.11509203910827637, 0.11509203910827637, 0.11509203910827637, 0.11509203910827637, 0.11509203910827637, 0.11509203910827637, 0.11509203910827637, 0.11509203910827637, 0.11509203910827637, 0.11509203910827637, 0.11509203910827637, 0.11509203910827637, 0.11355805397033691, 0.11509203910827637, 0.11509203910827637, 0.11509203910827637, 0.11509203910827637, 0.11509203910827637, 0.11509203910827637, 0.11509203910827637, 0.11509203910827637, 0.11509203910827637, 0.11355805397033691, 0.11355805397033691, 0.11509203910827637, 0.11509203910827637, 0.11509203910827637, 0.11509203910827637, 0.11509203910827637, 0.11509203910827637, 0.11509203910827637, 0.11509203910827637, 0.11509203910827637, 0.11509203910827637, 0.11509203910827637, 0.11509203910827637, 0.11509203910827637, 0.11509203910827637, 0.11509203910827637, 0.11509203910827637, 0.11509203910827637, 0.11509203910827637, 0.11509203910827637, 0.11509203910827637, 0.11509203910827637, 0.11509203910827637, 0.11509203910827637, 0.11509203910827637, 0.11509203910827637, 0.11509203910827637, 0.11509203910827637, 0.11509203910827637, 0.11509203910827637, 0.11509203910827637, 0.11355805397033691, 0.11509203910827637, 0.11509203910827637, 0.11509203910827637, 0.11509203910827637, 0.11509203910827637, 0.11509203910827637, 0.11509203910827637, 0.11509203910827637, 0.11509203910827637, 0.11509203910827637, 0.11509203910827637, 0.11509203910827637, 0.11509203910827637, 0.11509203910827637, 0.11509203910827637, 0.11509203910827637, 0.11509203910827637, 0.11509203910827637, 0.11509203910827637, 0.11509203910827637, 0.11509203910827637, 0.11509203910827637, 0.11509203910827637, 0.11509203910827637, 0.11509203910827637, 0.11509203910827637, 0.11509203910827637, 0.11509203910827637, 0.11509203910827637, 0.11509203910827637, 0.11509203910827637, 0.11509203910827637, 0.11509203910827637, 0.11509203910827637, 0.11509203910827637, 0.11509203910827637, 0.11509203910827637, 0.11355805397033691, 0.11509203910827637, 0.11509203910827637, 0.11509203910827637, 0.11509203910827637, 0.11509203910827637]

Device/SubDeviceList/RAnklePitch/ElectricCurrent/Sensor/Value = [0.0, 0.0, 0.0, 0.35200002789497375, 0.5120000243186951, 0.64000004529953, 0.5920000076293945, 0.5760000348091125, 0.5440000295639038, 0.06400000303983688, 0.3840000033378601, 0.0, 0.0, 0.0, 0.0, 0.0, 0.0, 0.0, 0.0, 0.0, 0.0, 0.0, 0.0, 0.0, 0.0, 0.0, 0.0, 0.0, 0.0, 0.0, 0.0, 0.0, 0.0, 0.0, 0.0, 0.0, 0.0, 0.0, 0.0, 0.0, 0.0, 0.0, 0.0, 0.0, 0.0, 0.0, 0.0, 0.0, 0.0, 0.0, 0.0, 0.0, 0.0, 0.0, 0.0, 0.0, 0.0, 0.0, 0.0, 0.0, 0.0, 0.0, 0.0, 0.0, 0.0, 0.0, 0.0, 0.0, 0.0, 0.0, 0.0, 0.0, 0.0, 0.0, 0.0, 0.0, 0.0, 0.0, 0.0, 0.0, 0.0, 0.0, 0.0, 0.0, 0.0, 0.0, 0.0, 0.0, 0.0, 0.0, 0.0, 0.0, 0.0, 0.0, 0.0, 0.0, 0.0, 0.0, 0.0, 0.0, 0.0, 0.0, 0.0, 0.0, 0.0, 0.0, 0.0, 0.0, 0.0, 0.0, 0.0, 0.0, 0.0, 0.0, 0.0, 0.0, 0.0, 0.0, 0.0, 0.0, 0.0, 0.0, 0.0, 0.0, 0.0, 0.0, 0.0, 0.0, 0.0]

Device/SubDeviceList/InertialSensor/AccelerometerX/Sensor/Value = [0.9292676448822021, -1.4849121570587158, -2.4812402725219727, -2.605781316757202, 2.7303223609924316, -0.32572266459465027, -0.8334668278694153, -0.53648442029953, 0.21076172590255737, 2.3279590606689453, -2.854863405227661, -1.8872754573822021, 0.9292676448822021, 17.531543731689453, 9.68545913696289, 8.832832336425781, 9.292675971984863, 8.871152877807617, 8.411309242248535, 8.899892807006836, 9.014853477478027, 8.995694160461426, 9.014853477478027, 9.014853477478027, 9.014853477478027, 9.014853477478027, 9.053174018859863, 9.005273818969727, 9.024434089660645, 8.986113548278809, 8.986113548278809, 8.986113548278809, 8.995694160461426, 9.005273818969727, 8.986113548278809, 9.005273818969727, 8.995694160461426, 9.005273818969727, 8.95737361907959, 9.014853477478027, 8.976533889770508, 9.024434089660645, 8.986113548278809, 9.014853477478027, 8.986113548278809, 9.014853477478027, 9.014853477478027, 8.986113548278809, 8.995694160461426, 9.024434089660645, 8.976533889770508, 9.034013748168945, 9.005273818969727, 9.005273818969727, 8.995694160461426, 9.024434089660645, 9.014853477478027, 9.005273818969727, 8.995694160461426, 8.976533889770508, 8.96695327758789, 8.986113548278809, 8.995694160461426, 8.995694160461426, 8.995694160461426, 9.005273818969727, 9.024434089660645, 9.014853477478027, 8.986113548278809, 9.014853477478027, 8.976533889770508, 9.014853477478027, 8.986113548278809, 9.014853477478027, 8.976533889770508, 8.986113548278809, 8.986113548278809, 9.024434089660645, 8.986113548278809, 9.014853477478027, 8.986113548278809, 9.014853477478027, 9.014853477478027, 9.014853477478027, 9.034013748168945, 9.024434089660645, 9.014853477478027, 9.005273818969727, 8.995694160461426, 8.995694160461426, 8.96695327758789, 8.986113548278809, 9.014853477478027, 9.005273818969727, 9.014853477478027, 8.986113548278809, 8.986113548278809, 8.995694160461426, 8.986113548278809, 9.005273818969727, 9.014853477478027, 8.986113548278809, 9.014853477478027, 8.96695327758789, 9.014853477478027, 9.053174018859863, 9.014853477478027, 9.005273818969727, 8.986113548278809, 9.005273818969727, 9.005273818969727, 8.976533889770508, 8.986113548278809, 8.986113548278809, 9.024434089660645, 9.014853477478027, 8.986113548278809, 9.014853477478027, 8.986113548278809, 8.986113548278809, 9.014853477478027, 8.995694160461426, 8.986113548278809, 8.995694160461426, 8.986113548278809, 9.005273818969727, 8.976533889770508, 8.986113548278809, 8.986113548278809]

Device/SubDeviceList/InertialSensor/GyroscopeY/Sensor/Value = [-0.14407701790332794, -0.5004079937934875, -0.21651500463485718, 0.44075316190719604, 0.8319715261459351, -0.02876213937997818, 0.07829693704843521, 0.30173614621162415, 0.6961503028869629, 1.9116170406341553, 1.3651363849639893, 3.04319429397583, 3.7188382148742676, 3.707653045654297, 0.40346890687942505, 0.11531487852334976, -0.041012682020664215, -0.12836436927318573, -0.04687163606286049, 0.10093380510807037, 0.07989483326673508, 0.004261057823896408, 0.002663161139935255, 0.006924218963831663, 0.00532632227987051, 0.006125270389020443, 0.005060005933046341, 0.0007989483419805765, -0.000532632227987051, -0.002663161139935255, 0.0013315805699676275, -0.0007989483419805765, 0.004527374170720577, -0.004793690051883459, 0.002663161139935255, 0.003728425595909357, -0.001597896683961153, -0.001065264455974102, -0.003195793367922306, -0.0002663161139935255, 0.0, -0.0002663161139935255, 0.0, 0.001065264455974102, -0.001065264455974102, 0.0023968450259417295, 0.000532632227987051, -0.000532632227987051, 0.001065264455974102, 0.0, 0.000532632227987051, 0.0007989483419805765, -0.000532632227987051, -0.0023968450259417295, 0.0, 0.000532632227987051, 0.000532632227987051, 0.0023968450259417295, 0.0, 0.001065264455974102, 0.0, -0.003994741477072239, 0.002130528911948204, -0.001597896683961153, 0.0029294772539287806, 0.002130528911948204, -0.001065264455974102, -0.0007989483419805765, -0.0013315805699676275, 0.0018642127979546785, 0.0007989483419805765, -0.0018642127979546785, 0.001065264455974102, 0.0007989483419805765, 0.0007989483419805765, 0.0007989483419805765, 0.0023968450259417295, -0.0034621094819158316, 0.0, -0.002663161139935255, 0.0007989483419805765, 0.001065264455974102, -0.001597896683961153, 0.001597896683961153, -0.000532632227987051, -0.0018642127979546785, -0.003195793367922306, 0.0, -0.001597896683961153, -0.003195793367922306, 0.002663161139935255, 0.0007989483419805765, -0.0018642127979546785, 0.0, -0.0013315805699676275, -0.003195793367922306, 0.000532632227987051, -0.0018642127979546785, 0.0013315805699676275, 0.003195793367922306, -0.0034621094819158316, -0.0013315805699676275, 0.001065264455974102, 0.001597896683961153, 0.001065264455974102, -0.000532632227987051, -0.0029294772539287806, -0.003195793367922306, -0.001597896683961153, 0.0002663161139935255, 0.0018642127979546785, -0.0013315805699676275, 0.0, 0.003195793367922306, 0.0018642127979546785, 0.0013315805699676275, 0.001597896683961153, -0.002130528911948204, 0.0007989483419805765, 0.0, -0.0018642127979546785, 0.002130528911948204, 0.0, -0.0034621094819158316, 0.0018642127979546785, 0.0013315805699676275, 0.000532632227987051, 0.003195793367922306, 0.0]

Device/SubDeviceList/RHipRoll/Position/Sensor/Value = [-0.4233419895172119, -0.400331974029541, -0.3052239418029785, -0.1288139820098877, -0.06898808479309082, -0.05518198013305664, -0.08893013000488281, -0.09506607055664062, -0.230057954788208, -0.3159620761871338, -0.2868161201477051, -0.27454400062561035, -0.2561359405517578, -0.3251659870147705, -0.3711860179901123, -0.3742539882659912, -0.3742539882659912, -0.37578797340393066, -0.37578797340393066, -0.37578797340393066, -0.37578797340393066, -0.3742539882659912, -0.37578797340393066, -0.37578797340393066, -0.37578797340393066, -0.37578797340393066, -0.37578797340393066, -0.37578797340393066, -0.37578797340393066, -0.37578797340393066, -0.37578797340393066, -0.37578797340393066, -0.37578797340393066, -0.37578797340393066, -0.37578797340393066, -0.37578797340393066, -0.37578797340393066, -0.37578797340393066, -0.37578797340393066, -0.37578797340393066, -0.3742539882659912, -0.37578797340393066, -0.37578797340393066, -0.37578797340393066, -0.37578797340393066, -0.37578797340393066, -0.3742539882659912, -0.37578797340393066, -0.37578797340393066, -0.37578797340393066, -0.37578797340393066, -0.37578797340393066, -0.37578797340393066, -0.37578797340393066, -0.37578797340393066, -0.37578797340393066, -0.37578797340393066, -0.37578797340393066, -0.37578797340393066, -0.37578797340393066, -0.37578797340393066, -0.37578797340393066, -0.37578797340393066, -0.37578797340393066, -0.37578797340393066, -0.37578797340393066, -0.37578797340393066, -0.37578797340393066, -0.3742539882659912, -0.3742539882659912, -0.3742539882659912, -0.37578797340393066, -0.37578797340393066, -0.37578797340393066, -0.37578797340393066, -0.37578797340393066, -0.37578797340393066, -0.3742539882659912, -0.37578797340393066, -0.37578797340393066, -0.37578797340393066, -0.37578797340393066, -0.37578797340393066, -0.37578797340393066, -0.37578797340393066, -0.37578797340393066, -0.37578797340393066, -0.37578797340393066, -0.37578797340393066, -0.37578797340393066, -0.37578797340393066, -0.37578797340393066, -0.37578797340393066, -0.37578797340393066, -0.37578797340393066, -0.37578797340393066, -0.37578797340393066, -0.37578797340393066, -0.3742539882659912, -0.37578797340393066, -0.37578797340393066, -0.37578797340393066, -0.3742539882659912, -0.37578797340393066, -0.37578797340393066, -0.37578797340393066, -0.37578797340393066, -0.3742539882659912, -0.37578797340393066, -0.37578797340393066, -0.37578797340393066, -0.37578797340393066, -0.3742539882659912, -0.3742539882659912, -0.37578797340393066, -0.37578797340393066, -0.37578797340393066, -0.37578797340393066, -0.37578797340393066, -0.37578797340393066, -0.37578797340393066, -0.37578797340393066, -0.37578797340393066, -0.37578797340393066, -0.37578797340393066, -0.37578797340393066, -0.37578797340393066, -0.3742539882659912, -0.37578797340393066]

Device/SubDeviceList/InertialSensor/AccelerometerZ/Sensor/Value = [-8.775351524353027, -11.160791397094727, -11.429033279418945, -9.972861289978027, -16.07537269592285, -8.325088500976562, -9.283096313476562, -10.298583984375, -7.443720817565918, -12.904365539550781, -8.258028030395508, -5.403164386749268, -0.43110352754592896, -2.414179801940918, 3.630849838256836, 4.05237340927124, 0.910107433795929, 1.2645703554153442, 0.8334668278694153, 1.2645703554153442, 1.4753321409225464, 1.3795312643051147, 1.3986914157867432, 1.4082715511322021, 1.4082715511322021, 1.4178515672683716, 1.4370118379592896, 1.4178515672683716, 1.456171989440918, 1.4274317026138306, 1.4082715511322021, 1.4178515672683716, 1.4370118379592896, 1.446591854095459, 1.4178515672683716, 1.3986914157867432, 1.3986914157867432, 1.4082715511322021, 1.4370118379592896, 1.4274317026138306, 1.4274317026138306, 1.446591854095459, 1.4370118379592896, 1.4082715511322021, 1.3891113996505737, 1.3986914157867432, 1.4082715511322021, 1.3891113996505737, 1.4274317026138306, 1.3986914157867432, 1.3986914157867432, 1.4370118379592896, 1.4274317026138306, 1.4082715511322021, 1.4082715511322021, 1.3891113996505737, 1.4178515672683716, 1.4082715511322021, 1.3891113996505737, 1.4178515672683716, 1.4178515672683716, 1.4274317026138306, 1.4082715511322021, 1.4274317026138306, 1.4178515672683716, 1.4178515672683716, 1.446591854095459, 1.4082715511322021, 1.4370118379592896, 1.4657520055770874, 1.3986914157867432, 1.3986914157867432, 1.4178515672683716, 1.3986914157867432, 1.3795312643051147, 1.4082715511322021, 1.4178515672683716, 1.4657520055770874, 1.4274317026138306, 1.446591854095459, 1.3986914157867432, 1.4274317026138306, 1.4082715511322021, 1.3891113996505737, 1.3795312643051147, 1.4370118379592896, 1.4370118379592896, 1.3986914157867432, 1.446591854095459, 1.4178515672683716, 1.4082715511322021, 1.3986914157867432, 1.4082715511322021, 1.4274317026138306, 1.3986914157867432, 1.3986914157867432, 1.446591854095459, 1.4370118379592896, 1.3986914157867432, 1.4082715511322021, 1.3986914157867432, 1.4082715511322021, 1.4370118379592896, 1.446591854095459, 1.4082715511322021, 1.4274317026138306, 1.3891113996505737, 1.3986914157867432, 1.4082715511322021, 1.4082715511322021, 1.4178515672683716, 1.446591854095459, 1.4370118379592896, 1.4082715511322021, 1.4274317026138306, 1.4274317026138306, 1.3986914157867432, 1.4274317026138306, 1.4178515672683716, 1.3891113996505737, 1.3986914157867432, 1.3891113996505737, 1.4178515672683716, 1.4370118379592896, 1.4274317026138306, 1.446591854095459, 1.4274317026138306, 1.4274317026138306, 1.4178515672683716]

